#=====================================================
# File created:        Sun-27-Oct-2024-at-06-52-19PM
# Size of lattice:     1000x1000
# Number of MC steps:  50
# Reduced temperature: 0.500
# Run time (s):        366.869129
#=====================================================
# MC step:  Ratio:     Energy:   Order:
#=====================================================
   00000    0.5000 -999750.2421  0.2509 
   00001    0.6802 -1486513.4740  0.2507 
   00002    0.6233 -1802003.7881  0.2503 
   00003    0.5850 -2027691.3769  0.2504 
   00004    0.5579 -2200814.1570  0.2504 
   00005    0.5382 -2337805.2205  0.2503 
   00006    0.5216 -2448844.0167  0.2510 
   00007    0.5103 -2542215.8541  0.2507 
   00008    0.4988 -2620213.9503  0.2509 
   00009    0.4901 -2685520.4809  0.2514 
   00010    0.4834 -2742522.5538  0.2513 
   00011    0.4772 -2791149.0135  0.2512 
   00012    0.4716 -2833613.9420  0.2513 
   00013    0.4672 -2871582.7737  0.2516 
   00014    0.4627 -2904414.3007  0.2519 
   00015    0.4587 -2934091.8002  0.2520 
   00016    0.4565 -2960287.0361  0.2522 
   00017    0.4552 -2985342.1506  0.2520 
   00018    0.4517 -3006369.4765  0.2520 
   00019    0.4502 -3025445.8150  0.2519 
   00020    0.4476 -3042944.0320  0.2521 
   00021    0.4453 -3059022.6410  0.2518 
   00022    0.4436 -3074166.0227  0.2519 
   00023    0.4435 -3087486.1212  0.2518 
   00024    0.4416 -3099565.1974  0.2522 
   00025    0.4399 -3111443.5367  0.2521 
   00026    0.4390 -3121616.7701  0.2523 
   00027    0.4393 -3130179.9857  0.2527 
   00028    0.4366 -3139092.3101  0.2529 
   00029    0.4362 -3146808.6586  0.2527 
   00030    0.4356 -3154164.0080  0.2530 
   00031    0.4354 -3161185.0149  0.2533 
   00032    0.4338 -3169189.2415  0.2534 
   00033    0.4326 -3176441.9978  0.2535 
   00034    0.4334 -3182393.3577  0.2532 
   00035    0.4326 -3187895.5106  0.2534 
   00036    0.4312 -3193781.6510  0.2533 
   00037    0.4306 -3199267.8583  0.2530 
   00038    0.4303 -3205403.1078  0.2536 
   00039    0.4295 -3209710.9452  0.2535 
   00040    0.4292 -3213312.1535  0.2536 
   00041    0.4285 -3217270.5782  0.2538 
   00042    0.4291 -3221705.8593  0.2539 
   00043    0.4287 -3225298.0543  0.2541 
   00044    0.4281 -3228912.1221  0.2537 
   00045    0.4272 -3232017.4403  0.2534 
   00046    0.4267 -3234929.4058  0.2539 
   00047    0.4274 -3238145.6168  0.2542 
   00048    0.4268 -3241606.3057  0.2540 
   00049    0.4260 -3244968.3105  0.2539 
   00050    0.4255 -3248290.9357  0.2541 
