#=====================================================
# File created:        Sun-27-Oct-2024-at-06-44-52PM
# Size of lattice:     210x210
# Number of MC steps:  50
# Reduced temperature: 0.500
# Run time (s):        16.284748
#=====================================================
# MC step:  Ratio:     Energy:   Order:
#=====================================================
   00000    0.5000  -44365.2859  0.2529 
   00001    0.6818  -65808.2329  0.2526 
   00002    0.6187  -79684.8895  0.2505 
   00003    0.5782  -89315.8708  0.2523 
   00004    0.5547  -96731.2597  0.2554 
   00005    0.5402 -102739.8895  0.2562 
   00006    0.5230 -108009.8687  0.2584 
   00007    0.5073 -111860.9457  0.2568 
   00008    0.5002 -115116.2997  0.2574 
   00009    0.4904 -118045.9080  0.2558 
   00010    0.4864 -120603.6823  0.2556 
   00011    0.4803 -122659.4901  0.2577 
   00012    0.4729 -124453.9723  0.2583 
   00013    0.4675 -126243.8471  0.2586 
   00014    0.4626 -127588.8220  0.2583 
   00015    0.4617 -128847.9015  0.2599 
   00016    0.4551 -130017.2822  0.2618 
   00017    0.4521 -131193.6049  0.2635 
   00018    0.4533 -132196.4608  0.2632 
   00019    0.4495 -133244.2341  0.2655 
   00020    0.4476 -134071.3467  0.2677 
   00021    0.4473 -134683.2888  0.2669 
   00022    0.4461 -135134.0498  0.2654 
   00023    0.4448 -135806.1946  0.2661 
   00024    0.4396 -136397.6195  0.2653 
   00025    0.4447 -136695.3995  0.2658 
   00026    0.4426 -136945.9680  0.2634 
   00027    0.4393 -137646.1176  0.2643 
   00028    0.4326 -138213.8365  0.2658 
   00029    0.4356 -138541.0616  0.2653 
   00030    0.4371 -138846.7629  0.2650 
   00031    0.4378 -139112.7869  0.2661 
   00032    0.4349 -139467.4287  0.2655 
   00033    0.4325 -139784.8368  0.2646 
   00034    0.4359 -140146.2656  0.2640 
   00035    0.4305 -140497.1966  0.2650 
   00036    0.4335 -140747.9015  0.2654 
   00037    0.4295 -140993.2141  0.2653 
   00038    0.4295 -141086.0463  0.2647 
   00039    0.4271 -141334.5646  0.2643 
   00040    0.4251 -141483.3203  0.2629 
   00041    0.4326 -141493.1463  0.2628 
   00042    0.4270 -141709.6724  0.2625 
   00043    0.4304 -141844.6486  0.2631 
   00044    0.4312 -142025.2387  0.2637 
   00045    0.4272 -142237.3347  0.2647 
   00046    0.4293 -142146.3174  0.2646 
   00047    0.4296 -142245.0062  0.2641 
   00048    0.4293 -142147.1989  0.2646 
   00049    0.4243 -142334.1201  0.2645 
   00050    0.4298 -142599.0331  0.2647 
