#=====================================================
# File created:        Sun-27-Oct-2024-at-06-46-11PM
# Size of lattice:     460x460
# Number of MC steps:  50
# Reduced temperature: 0.500
# Run time (s):        77.138204
#=====================================================
# MC step:  Ratio:     Energy:   Order:
#=====================================================
   00000    0.5000 -211569.5444  0.2520 
   00001    0.6792 -315167.6535  0.2530 
   00002    0.6237 -382799.3189  0.2534 
   00003    0.5825 -430247.5161  0.2533 
   00004    0.5557 -466978.4404  0.2536 
   00005    0.5357 -496438.7638  0.2527 
   00006    0.5197 -519595.4420  0.2516 
   00007    0.5065 -538566.3717  0.2512 
   00008    0.4980 -555046.4715  0.2510 
   00009    0.4905 -568523.7648  0.2514 
   00010    0.4839 -580855.7208  0.2518 
   00011    0.4755 -591339.6595  0.2522 
   00012    0.4698 -600848.8951  0.2529 
   00013    0.4656 -608567.1559  0.2529 
   00014    0.4643 -615673.1416  0.2537 
   00015    0.4570 -621662.1387  0.2519 
   00016    0.4573 -627137.2635  0.2514 
   00017    0.4529 -632138.2021  0.2519 
   00018    0.4511 -636533.6329  0.2522 
   00019    0.4498 -640359.0464  0.2514 
   00020    0.4481 -643817.5113  0.2519 
   00021    0.4453 -646960.9319  0.2518 
   00022    0.4454 -650074.6709  0.2513 
   00023    0.4416 -652897.9286  0.2510 
   00024    0.4404 -655394.2232  0.2515 
   00025    0.4396 -657341.3020  0.2521 
   00026    0.4382 -659434.8393  0.2516 
   00027    0.4396 -661788.1517  0.2518 
   00028    0.4372 -663990.3134  0.2520 
   00029    0.4352 -665748.7495  0.2522 
   00030    0.4360 -667195.2285  0.2522 
   00031    0.4358 -668755.3132  0.2529 
   00032    0.4343 -670208.2792  0.2529 
   00033    0.4336 -671438.9308  0.2530 
   00034    0.4328 -673030.1129  0.2535 
   00035    0.4318 -674123.4286  0.2542 
   00036    0.4314 -675551.4688  0.2539 
   00037    0.4306 -676847.3979  0.2537 
   00038    0.4287 -677383.2063  0.2537 
   00039    0.4314 -678640.5225  0.2532 
   00040    0.4287 -679766.3359  0.2527 
   00041    0.4294 -681056.6662  0.2519 
   00042    0.4297 -681916.9928  0.2515 
   00043    0.4291 -682429.4675  0.2519 
   00044    0.4276 -682873.1988  0.2521 
   00045    0.4290 -683417.7759  0.2514 
   00046    0.4284 -684109.6255  0.2512 
   00047    0.4272 -684844.1923  0.2520 
   00048    0.4260 -686007.7990  0.2524 
   00049    0.4244 -686581.8220  0.2526 
   00050    0.4277 -687425.5658  0.2529 
