#=====================================================
# File created:        Mon-28-Oct-2024-at-02-26-14PM
# Size of lattice:     460x460
# Number of MC steps:  50
# Reduced temperature: 0.500
# Run time (s):        257.257950
#=====================================================
# MC step:  Ratio:     Energy:   Order:
#================t====================================
   00000    0.5000 -210691.0581  0.2506 
   00001    0.7068 -241171.5548  0.2509 
   00002    0.6886 -268323.8146  0.2513 
   00003    0.6705 -292442.9172  0.2510 
   00004    0.6550 -313754.0520  0.2503 
   00005    0.6395 -333247.6179  0.2504 
   00006    0.6273 -350566.9017  0.2506 
   00007    0.6184 -366392.7250  0.2508 
   00008    0.6059 -380584.0017  0.2510 
   00009    0.5975 -393651.4677  0.2515 
   00010    0.5895 -405948.7760  0.2515 
   00011    0.5809 -417254.1879  0.2517 
   00012    0.5753 -428043.2717  0.2512 
   00013    0.5656 -438246.0672  0.2514 
   00014    0.5606 -447796.2209  0.2513 
   00015    0.5555 -456655.8545  0.2510 
   00016    0.5487 -465161.6074  0.2509 
   00017    0.5429 -473340.4170  0.2506 
   00018    0.5399 -480445.4850  0.2507 
   00019    0.5344 -487706.9369  0.2506 
   00020    0.5321 -494205.9526  0.2504 
   00021    0.5279 -500588.4238  0.2511 
   00022    0.5240 -506702.6705  0.2511 
   00023    0.5208 -512580.6180  0.2519 
   00024    0.5183 -518124.9154  0.2516 
   00025    0.5140 -523677.3225  0.2514 
   00026    0.5105 -528681.4634  0.2516 
   00027    0.5082 -533339.7747  0.2517 
   00028    0.5036 -538001.8516  0.2516 
   00029    0.5025 -542766.1595  0.2513 
   00030    0.5003 -547068.1387  0.2513 
   00031    0.4966 -550819.7910  0.2513 
   00032    0.4942 -554743.9618  0.2513 
   00033    0.4919 -558352.8848  0.2511 
   00034    0.4912 -562142.8499  0.2510 
   00035    0.4893 -565627.6259  0.2511 
   00036    0.4888 -568832.1962  0.2511 
   00037    0.4860 -571966.1146  0.2513 
   00038    0.4847 -575113.7933  0.2509 
   00039    0.4833 -577973.0338  0.2513 
   00040    0.4796 -580727.7285  0.2517 
   00041    0.4786 -583352.9791  0.2518 
   00042    0.4777 -586163.8356  0.2516 
   00043    0.4739 -588952.2604  0.2517 
   00044    0.4771 -591510.1041  0.2519 
   00045    0.4726 -593806.9152  0.2517 
   00046    0.4730 -596289.3133  0.2514 
   00047    0.4722 -598259.6635  0.2517 
   00048    0.4705 -600477.4850  0.2516 
   00049    0.4701 -602789.7646  0.2521 
   00050    0.4672 -604626.6297  0.2523 
