#=====================================================
# File created:        Mon-28-Oct-2024-at-02-32-46PM
# Size of lattice:     460x460
# Number of MC steps:  50
# Reduced temperature: 0.500
# Run time (s):        387.107026
#=====================================================
# MC step:  Ratio:     Energy:   Order:
#================t====================================
   00000    0.5000 -211599.0883  0.2516 
   00001    0.7122 -232481.4463  0.2515 
   00002    0.6962 -251687.8893  0.2516 
   00003    0.6833 -269193.9474  0.2521 
   00004    0.6720 -285518.9105  0.2519 
   00005    0.6638 -300385.9001  0.2522 
   00006    0.6521 -314199.5504  0.2521 
   00007    0.6422 -327105.2908  0.2521 
   00008    0.6355 -339018.1569  0.2521 
   00009    0.6256 -350280.2326  0.2527 
   00010    0.6182 -361162.5948  0.2526 
   00011    0.6121 -371160.5446  0.2533 
   00012    0.6052 -380669.7777  0.2531 
   00013    0.5983 -389845.7863  0.2531 
   00014    0.5949 -398189.0788  0.2525 
   00015    0.5867 -406524.1322  0.2532 
   00016    0.5826 -414259.8740  0.2527 
   00017    0.5772 -421353.9006  0.2528 
   00018    0.5733 -428556.1299  0.2523 
   00019    0.5688 -435293.8639  0.2526 
   00020    0.5645 -441577.8077  0.2526 
   00021    0.5602 -447775.8623  0.2526 
   00022    0.5567 -453621.1000  0.2525 
   00023    0.5533 -459309.2120  0.2518 
   00024    0.5480 -464453.6315  0.2515 
   00025    0.5432 -469711.2111  0.2515 
   00026    0.5419 -474808.5664  0.2514 
   00027    0.5379 -479663.6980  0.2518 
   00028    0.5358 -484412.2598  0.2515 
   00029    0.5334 -488869.5312  0.2514 
   00030    0.5296 -493303.2641  0.2518 
   00031    0.5283 -497753.0325  0.2521 
   00032    0.5245 -501995.4303  0.2521 
   00033    0.5217 -506009.0151  0.2526 
   00034    0.5208 -510105.3964  0.2527 
   00035    0.5171 -513961.8642  0.2528 
   00036    0.5162 -517518.9101  0.2533 
   00037    0.5136 -521201.8409  0.2531 
   00038    0.5118 -524409.3334  0.2529 
   00039    0.5112 -527568.0777  0.2525 
   00040    0.5096 -530730.6707  0.2522 
   00041    0.5062 -533795.8459  0.2521 
   00042    0.5029 -536941.9237  0.2518 
   00043    0.5044 -539774.4952  0.2521 
   00044    0.5019 -542618.3148  0.2520 
   00045    0.5003 -545328.0568  0.2522 
   00046    0.4986 -548261.9962  0.2522 
   00047    0.4952 -550858.6743  0.2524 
   00048    0.4935 -553417.2852  0.2526 
   00049    0.4939 -555878.6645  0.2519 
   00050    0.4915 -558285.4891  0.2515 
