#=====================================================
# File created:        Mon-28-Oct-2024-at-02-16-16PM
# Size of lattice:     460x460
# Number of MC steps:  50
# Reduced temperature: 0.500
# Run time (s):        374.420129
#=====================================================
# MC step:  Ratio:     Energy:   Order:
#================t====================================
   00000    0.5000 -211182.2498  0.2515 
   00001    0.6815 -314686.4668  0.2516 
   00002    0.6205 -381779.3889  0.2522 
   00003    0.5842 -429488.3204  0.2523 
   00004    0.5582 -466480.8197  0.2516 
   00005    0.5361 -495485.5109  0.2515 
   00006    0.5218 -518566.4184  0.2518 
   00007    0.5090 -538218.7371  0.2522 
   00008    0.4997 -554380.4969  0.2529 
   00009    0.4927 -568765.8372  0.2532 
   00010    0.4842 -580874.1766  0.2541 
   00011    0.4770 -591320.2439  0.2550 
   00012    0.4722 -600758.9111  0.2555 
   00013    0.4690 -608305.3294  0.2561 
   00014    0.4614 -615270.6352  0.2567 
   00015    0.4591 -621349.3166  0.2565 
   00016    0.4554 -626903.3182  0.2566 
   00017    0.4549 -631404.8165  0.2570 
   00018    0.4546 -635606.3930  0.2573 
   00019    0.4503 -640019.4147  0.2578 
   00020    0.4478 -644279.1086  0.2586 
   00021    0.4452 -647104.2157  0.2581 
   00022    0.4461 -650139.2428  0.2575 
   00023    0.4458 -653104.4137  0.2574 
   00024    0.4406 -655667.8693  0.2575 
   00025    0.4396 -658127.2546  0.2581 
   00026    0.4387 -660224.6394  0.2584 
   00027    0.4383 -662292.3269  0.2592 
   00028    0.4369 -664432.0667  0.2591 
   00029    0.4355 -665808.9351  0.2595 
   00030    0.4350 -667462.8500  0.2602 
   00031    0.4345 -668841.4526  0.2602 
   00032    0.4339 -670267.9213  0.2613 
   00033    0.4343 -672011.4306  0.2618 
   00034    0.4328 -673508.1234  0.2621 
   00035    0.4324 -674747.0942  0.2622 
   00036    0.4334 -675879.4742  0.2623 
   00037    0.4320 -677033.1994  0.2626 
   00038    0.4310 -678262.4873  0.2627 
   00039    0.4291 -679081.4125  0.2632 
   00040    0.4286 -680231.7601  0.2638 
   00041    0.4286 -680895.2079  0.2646 
   00042    0.4308 -681778.0158  0.2646 
   00043    0.4278 -682527.4802  0.2650 
   00044    0.4286 -683177.8747  0.2659 
   00045    0.4290 -683984.8497  0.2659 
   00046    0.4264 -684757.0803  0.2658 
   00047    0.4275 -685435.3133  0.2663 
   00048    0.4254 -686552.0659  0.2667 
   00049    0.4248 -687193.8197  0.2663 
   00050    0.4243 -687723.7115  0.2669 
