#=====================================================
# File created:        Mon-28-Oct-2024-at-02-21-52PM
# Size of lattice:     460x460
# Number of MC steps:  50
# Reduced temperature: 0.500
# Run time (s):        331.120754
#=====================================================
# MC step:  Ratio:     Energy:   Order:
#================t====================================
   00000    0.5000 -212101.8319  0.2512 
   00001    0.6965 -269328.1331  0.2504 
   00002    0.6617 -314499.0520  0.2509 
   00003    0.6320 -350820.5460  0.2514 
   00004    0.6121 -381114.7158  0.2517 
   00005    0.5912 -406376.1599  0.2513 
   00006    0.5781 -428633.6438  0.2510 
   00007    0.5634 -447973.5734  0.2514 
   00008    0.5517 -465174.4808  0.2517 
   00009    0.5430 -480433.3924  0.2524 
   00010    0.5303 -494084.9889  0.2530 
   00011    0.5242 -506476.6284  0.2531 
   00012    0.5180 -517900.2871  0.2528 
   00013    0.5107 -528774.0761  0.2533 
   00014    0.5056 -538008.2847  0.2536 
   00015    0.4996 -546522.4707  0.2540 
   00016    0.4957 -554212.8017  0.2540 
   00017    0.4904 -561470.7673  0.2541 
   00018    0.4886 -568350.8422  0.2543 
   00019    0.4846 -574820.4612  0.2544 
   00020    0.4797 -580545.1986  0.2546 
   00021    0.4774 -585930.9928  0.2544 
   00022    0.4750 -590948.3813  0.2541 
   00023    0.4717 -595483.6050  0.2537 
   00024    0.4696 -599706.0543  0.2532 
   00025    0.4672 -603959.5049  0.2534 
   00026    0.4657 -607834.0721  0.2537 
   00027    0.4624 -611430.3282  0.2535 
   00028    0.4605 -615087.1224  0.2538 
   00029    0.4596 -618007.5065  0.2547 
   00030    0.4598 -621237.8376  0.2556 
   00031    0.4562 -624110.0731  0.2556 
   00032    0.4571 -626694.3935  0.2553 
   00033    0.4544 -629566.4429  0.2554 
   00034    0.4523 -631721.9980  0.2554 
   00035    0.4509 -633976.7664  0.2554 
   00036    0.4505 -636253.7993  0.2555 
   00037    0.4501 -638447.8949  0.2555 
   00038    0.4486 -640460.3232  0.2559 
   00039    0.4489 -642342.6301  0.2557 
   00040    0.4464 -643920.2887  0.2562 
   00041    0.4446 -645612.8047  0.2562 
   00042    0.4460 -646842.2932  0.2565 
   00043    0.4447 -648491.0815  0.2565 
   00044    0.4449 -649847.0355  0.2562 
   00045    0.4444 -651611.5405  0.2563 
   00046    0.4411 -653071.5881  0.2559 
   00047    0.4394 -654512.6930  0.2558 
   00048    0.4435 -655873.9852  0.2554 
   00049    0.4416 -656999.6434  0.2562 
   00050    0.4390 -658217.1115  0.2561 
