#=====================================================
# File created:        Tue-22-Oct-2024-at-11-32-04AM
# Size of lattice:     210x210
# Number of MC steps:  50
# Reduced temperature: 0.500
# Run time (s):        64.868247
#=====================================================
# MC step:  Ratio:     Energy:   Order:
#=====================================================
   00000    0.5000  -43927.7214  0.2533 
   00001    0.6828  -65334.3045  0.2551 
   00002    0.6248  -79464.6321  0.2539 
   00003    0.5854  -89625.5743  0.2549 
   00004    0.5590  -97379.4595  0.2561 
   00005    0.5352 -102917.5189  0.2557 
   00006    0.5238 -108036.3451  0.2544 
   00007    0.5078 -112097.2252  0.2529 
   00008    0.5004 -115481.8839  0.2547 
   00009    0.4897 -118464.4873  0.2569 
   00010    0.4853 -121174.1396  0.2570 
   00011    0.4790 -123366.5237  0.2585 
   00012    0.4712 -125167.0957  0.2592 
   00013    0.4644 -126898.8730  0.2608 
   00014    0.4582 -128320.5362  0.2614 
   00015    0.4607 -129644.8945  0.2634 
   00016    0.4593 -130548.1407  0.2632 
   00017    0.4539 -131607.5533  0.2617 
   00018    0.4469 -132601.2665  0.2598 
   00019    0.4497 -133474.2634  0.2594 
   00020    0.4474 -134302.3280  0.2617 
   00021    0.4456 -135194.2709  0.2609 
   00022    0.4434 -135699.2650  0.2622 
   00023    0.4435 -136171.2024  0.2634 
   00024    0.4418 -136781.4195  0.2646 
   00025    0.4391 -137170.0978  0.2652 
   00026    0.4397 -137480.6373  0.2659 
   00027    0.4383 -137800.6683  0.2669 
   00028    0.4341 -138159.3957  0.2673 
   00029    0.4330 -138644.1299  0.2680 
   00030    0.4358 -138973.9392  0.2702 
   00031    0.4327 -139251.0110  0.2723 
   00032    0.4337 -139651.1422  0.2720 
   00033    0.4298 -139891.7816  0.2702 
   00034    0.4374 -140053.3688  0.2704 
   00035    0.4345 -140267.4391  0.2708 
   00036    0.4292 -140634.1687  0.2719 
   00037    0.4334 -140669.1923  0.2709 
   00038    0.4308 -140902.3428  0.2703 
   00039    0.4304 -141135.2033  0.2706 
   00040    0.4309 -141518.6990  0.2710 
   00041    0.4302 -141698.2514  0.2713 
   00042    0.4286 -141940.3458  0.2709 
   00043    0.4281 -142053.2024  0.2701 
   00044    0.4278 -142217.0304  0.2696 
   00045    0.4290 -142391.6300  0.2708 
   00046    0.4306 -142467.7656  0.2716 
   00047    0.4249 -142796.8486  0.2723 
   00048    0.4251 -142792.5299  0.2740 
   00049    0.4276 -142987.6286  0.2735 
   00050    0.4250 -143008.2744  0.2724 
