#=====================================================
# File created:        Tue-22-Oct-2024-at-12-13-20PM
# Size of lattice:     1000x1000
# Number of MC steps:  50
# Reduced temperature: 0.500
# Run time (s):        2113.195798
#=====================================================
# MC step:  Ratio:     Energy:   Order:
#=====================================================
   00000    0.5000 -998171.2625  0.2503 
   00001    0.6802 -1487082.6083  0.2509 
   00002    0.6232 -1803262.3767  0.2513 
   00003    0.5853 -2029412.0426  0.2510 
   00004    0.5574 -2202288.8282  0.2508 
   00005    0.5373 -2339069.2722  0.2508 
   00006    0.5209 -2450501.6651  0.2507 
   00007    0.5075 -2542936.1546  0.2507 
   00008    0.4992 -2620893.3679  0.2509 
   00009    0.4900 -2686373.2362  0.2507 
   00010    0.4821 -2742713.1252  0.2510 
   00011    0.4772 -2791797.4161  0.2509 
   00012    0.4722 -2834495.9353  0.2512 
   00013    0.4674 -2871422.5963  0.2513 
   00014    0.4640 -2905958.3546  0.2511 
   00015    0.4586 -2934384.7995  0.2510 
   00016    0.4575 -2960203.2379  0.2505 
   00017    0.4548 -2983771.9996  0.2505 
   00018    0.4515 -3005423.9520  0.2506 
   00019    0.4501 -3023837.6156  0.2505 
   00020    0.4479 -3041174.6967  0.2506 
   00021    0.4464 -3056922.2346  0.2504 
   00022    0.4444 -3071579.1235  0.2501 
   00023    0.4425 -3084873.8175  0.2505 
   00024    0.4416 -3097376.1728  0.2506 
   00025    0.4412 -3108003.1635  0.2507 
   00026    0.4402 -3119331.1364  0.2504 
   00027    0.4386 -3129030.5465  0.2504 
   00028    0.4373 -3137303.8874  0.2503 
   00029    0.4365 -3145639.1642  0.2504 
   00030    0.4348 -3153650.9242  0.2503 
   00031    0.4355 -3161166.3213  0.2505 
   00032    0.4349 -3167902.6686  0.2502 
   00033    0.4331 -3173634.4819  0.2505 
   00034    0.4334 -3179711.0133  0.2507 
   00035    0.4332 -3185288.4197  0.2507 
   00036    0.4325 -3190608.5532  0.2507 
   00037    0.4309 -3195915.7129  0.2512 
   00038    0.4302 -3201766.5069  0.2513 
   00039    0.4309 -3206616.7420  0.2514 
   00040    0.4294 -3211706.9953  0.2513 
   00041    0.4290 -3215346.5682  0.2512 
   00042    0.4283 -3219313.2725  0.2517 
   00043    0.4292 -3223059.4313  0.2516 
   00044    0.4284 -3227721.8288  0.2518 
   00045    0.4282 -3230420.2510  0.2516 
   00046    0.4277 -3233268.4218  0.2517 
   00047    0.4270 -3236750.6498  0.2517 
   00048    0.4264 -3239625.4319  0.2513 
   00049    0.4265 -3242324.6127  0.2508 
   00050    0.4261 -3246016.1596  0.2506 
