#=====================================================
# File created:        Tue-22-Oct-2024-at-11-37-55AM
# Size of lattice:     460x460
# Number of MC steps:  50
# Reduced temperature: 0.500
# Run time (s):        347.480336
#=====================================================
# MC step:  Ratio:     Energy:   Order:
#=====================================================
   00000    0.5000 -213036.4586  0.2507 
   00001    0.6785 -314793.5431  0.2511 
   00002    0.6239 -381554.1516  0.2511 
   00003    0.5832 -429563.6622  0.2506 
   00004    0.5586 -465877.8321  0.2505 
   00005    0.5368 -495089.7454  0.2521 
   00006    0.5221 -518234.9097  0.2516 
   00007    0.5075 -537757.9978  0.2529 
   00008    0.4999 -553665.3899  0.2532 
   00009    0.4907 -567688.5085  0.2540 
   00010    0.4836 -580304.4568  0.2547 
   00011    0.4742 -590720.0714  0.2548 
   00012    0.4706 -600052.6454  0.2555 
   00013    0.4684 -607955.7837  0.2556 
   00014    0.4642 -614602.0246  0.2544 
   00015    0.4613 -620521.3451  0.2554 
   00016    0.4553 -625991.0310  0.2550 
   00017    0.4532 -631494.3801  0.2550 
   00018    0.4520 -636082.5274  0.2554 
   00019    0.4497 -640943.1019  0.2547 
   00020    0.4474 -644028.3285  0.2546 
   00021    0.4450 -646848.5638  0.2552 
   00022    0.4445 -650400.0775  0.2553 
   00023    0.4439 -653542.1309  0.2560 
   00024    0.4412 -656179.5817  0.2562 
   00025    0.4398 -658728.8349  0.2564 
   00026    0.4390 -660884.4035  0.2572 
   00027    0.4383 -662918.0022  0.2577 
   00028    0.4366 -664928.5473  0.2577 
   00029    0.4363 -666833.8240  0.2579 
   00030    0.4346 -668656.9002  0.2578 
   00031    0.4349 -669839.7613  0.2568 
   00032    0.4323 -671847.9916  0.2564 
   00033    0.4330 -673032.5399  0.2569 
   00034    0.4314 -673938.8489  0.2567 
   00035    0.4320 -675701.0226  0.2569 
   00036    0.4316 -676155.7632  0.2572 
   00037    0.4284 -677635.0795  0.2568 
   00038    0.4321 -678505.8023  0.2573 
   00039    0.4290 -679340.1065  0.2577 
   00040    0.4308 -680196.1741  0.2579 
   00041    0.4267 -680836.1543  0.2580 
   00042    0.4305 -681952.2258  0.2577 
   00043    0.4293 -682519.9388  0.2579 
   00044    0.4295 -683689.1001  0.2582 
   00045    0.4276 -684038.3032  0.2580 
   00046    0.4278 -685071.7987  0.2588 
   00047    0.4282 -685484.8981  0.2592 
   00048    0.4272 -686181.0566  0.2594 
   00049    0.4258 -686540.7235  0.2593 
   00050    0.4245 -687531.6178  0.2587 
