#=====================================================
# File created:        Tue-29-Oct-2024-at-07-16-33PM
# Size of lattice:     1000x1000
# Number of MC steps:  50
# Reduced temperature: 0.500
# Run time (s):        9.779789
#=====================================================
# MC step:  Ratio:     Energy:   Order:
#================t====================================
   00000    0.5000 -1001025.3148  0.2513 
   00001    0.6793 -1488026.2023  0.2519 
   00002    0.6227 -1802001.3526  0.2521 
   00003    0.5844 -2030286.3382  0.2520 
   00004    0.5576 -2203596.6684  0.2520 
   00005    0.5369 -2341956.8177  0.2518 
   00006    0.5207 -2452874.1381  0.2516 
   00007    0.5082 -2544817.2309  0.2521 
   00008    0.4982 -2621979.8706  0.2527 
   00009    0.4891 -2687529.4143  0.2529 
   00010    0.4830 -2743518.0251  0.2533 
   00011    0.4774 -2792109.4868  0.2532 
   00012    0.4717 -2835563.8464  0.2531 
   00013    0.4659 -2872927.8961  0.2527 
   00014    0.4633 -2906606.7849  0.2529 
   00015    0.4592 -2936208.0331  0.2532 
   00016    0.4566 -2962468.0001  0.2532 
   00017    0.4538 -2987022.8992  0.2534 
   00018    0.4511 -3007125.3751  0.2534 
   00019    0.4501 -3025604.8493  0.2535 
   00020    0.4477 -3043875.3081  0.2535 
   00021    0.4465 -3059690.8895  0.2536 
   00022    0.4453 -3073213.3593  0.2535 
   00023    0.4430 -3086377.7937  0.2537 
   00024    0.4419 -3099210.1811  0.2535 
   00025    0.4416 -3109519.7991  0.2534 
   00026    0.4379 -3119771.0714  0.2538 
   00027    0.4387 -3129296.8739  0.2538 
   00028    0.4366 -3138558.2967  0.2537 
   00029    0.4365 -3147061.5898  0.2536 
   00030    0.4349 -3154844.5222  0.2534 
   00031    0.4353 -3161881.2997  0.2533 
   00032    0.4339 -3169096.0730  0.2534 
   00033    0.4333 -3175340.0373  0.2533 
   00034    0.4331 -3181824.2061  0.2529 
   00035    0.4325 -3188242.3031  0.2532 
   00036    0.4317 -3194120.5315  0.2532 
   00037    0.4310 -3198381.0177  0.2531 
   00038    0.4304 -3203489.8962  0.2532 
   00039    0.4302 -3207406.9983  0.2532 
   00040    0.4306 -3212352.1486  0.2535 
   00041    0.4296 -3217052.2152  0.2536 
   00042    0.4280 -3221888.5326  0.2536 
   00043    0.4274 -3225986.5678  0.2535 
   00044    0.4272 -3229165.8764  0.2537 
   00045    0.4277 -3231978.5663  0.2539 
   00046    0.4276 -3235089.9920  0.2541 
   00047    0.4267 -3238140.5215  0.2543 
   00048    0.4269 -3240495.5383  0.2545 
   00049    0.4257 -3243763.5368  0.2546 
   00050    0.4268 -3246548.0132  0.2546 
