#=====================================================
# File created:        Tue-29-Oct-2024-at-07-13-45PM
# Size of lattice:     210x210
# Number of MC steps:  50
# Reduced temperature: 0.500
# Run time (s):        2.774598
#=====================================================
# MC step:  Ratio:     Energy:   Order:
#================t====================================
   00000    0.5000  -44146.4357  0.2545 
   00001    0.6821  -65732.0402  0.2604 
   00002    0.6283  -79468.4838  0.2627 
   00003    0.5852  -89645.9144  0.2624 
   00004    0.5525  -97121.8379  0.2618 
   00005    0.5374 -103054.1167  0.2600 
   00006    0.5209 -108031.4933  0.2631 
   00007    0.5080 -112157.2528  0.2631 
   00008    0.4942 -115718.7625  0.2653 
   00009    0.4916 -118585.8217  0.2652 
   00010    0.4833 -120939.7899  0.2658 
   00011    0.4777 -123116.8142  0.2650 
   00012    0.4721 -124709.0102  0.2651 
   00013    0.4686 -126241.7326  0.2673 
   00014    0.4650 -128025.1235  0.2665 
   00015    0.4612 -129460.0075  0.2683 
   00016    0.4571 -130542.9027  0.2675 
   00017    0.4526 -131509.4833  0.2674 
   00018    0.4535 -132507.1356  0.2654 
   00019    0.4518 -133468.6866  0.2679 
   00020    0.4464 -134398.0978  0.2690 
   00021    0.4437 -134741.8896  0.2689 
   00022    0.4452 -135457.1478  0.2681 
   00023    0.4416 -136272.9750  0.2689 
   00024    0.4415 -136873.0326  0.2716 
   00025    0.4378 -137493.8807  0.2714 
   00026    0.4338 -138089.9041  0.2734 
   00027    0.4329 -138199.5441  0.2746 
   00028    0.4408 -138694.0828  0.2739 
   00029    0.4353 -138750.9883  0.2729 
   00030    0.4361 -139314.6790  0.2737 
   00031    0.4319 -139435.3423  0.2757 
   00032    0.4366 -139831.2433  0.2761 
   00033    0.4301 -139988.6086  0.2780 
   00034    0.4319 -140178.0305  0.2779 
   00035    0.4379 -140535.9267  0.2762 
   00036    0.4356 -140667.2159  0.2773 
   00037    0.4324 -140842.2776  0.2785 
   00038    0.4324 -140966.9446  0.2767 
   00039    0.4321 -140911.9575  0.2763 
   00040    0.4262 -141132.9169  0.2768 
   00041    0.4289 -141257.1706  0.2765 
   00042    0.4297 -141682.9891  0.2755 
   00043    0.4284 -141892.1380  0.2763 
   00044    0.4313 -141941.2360  0.2765 
   00045    0.4251 -142030.2106  0.2755 
   00046    0.4295 -142189.7207  0.2760 
   00047    0.4288 -142407.4001  0.2776 
   00048    0.4302 -142519.0827  0.2769 
   00049    0.4235 -142587.0240  0.2771 
   00050    0.4275 -142846.1945  0.2775 
