#=====================================================
# File created:        Tue-29-Oct-2024-at-07-13-28PM
# Size of lattice:     210x210
# Number of MC steps:  50
# Reduced temperature: 0.500
# Run time (s):        2.797071
#=====================================================
# MC step:  Ratio:     Energy:   Order:
#================t====================================
   00000    0.5000  -43435.3287  0.2514 
   00001    0.6784  -65216.4535  0.2517 
   00002    0.6243  -79479.6850  0.2526 
   00003    0.5912  -89508.8673  0.2520 
   00004    0.5651  -96953.5595  0.2509 
   00005    0.5351 -102940.6945  0.2523 
   00006    0.5202 -107758.4264  0.2515 
   00007    0.5088 -112091.5292  0.2528 
   00008    0.5007 -115339.1549  0.2535 
   00009    0.4873 -118102.8446  0.2517 
   00010    0.4825 -120650.2696  0.2528 
   00011    0.4794 -122882.1266  0.2550 
   00012    0.4704 -124822.2136  0.2540 
   00013    0.4698 -126370.5449  0.2557 
   00014    0.4660 -127614.9483  0.2563 
   00015    0.4597 -128907.1268  0.2578 
   00016    0.4615 -130166.0787  0.2569 
   00017    0.4545 -131147.0198  0.2557 
   00018    0.4545 -132130.7023  0.2552 
   00019    0.4510 -133022.2414  0.2554 
   00020    0.4516 -133897.0994  0.2555 
   00021    0.4460 -134697.3165  0.2570 
   00022    0.4445 -135329.2594  0.2572 
   00023    0.4431 -136101.3511  0.2583 
   00024    0.4414 -136494.7938  0.2592 
   00025    0.4363 -137300.2576  0.2585 
   00026    0.4381 -137641.7401  0.2584 
   00027    0.4382 -138070.1135  0.2583 
   00028    0.4367 -138447.6038  0.2612 
   00029    0.4390 -138813.8639  0.2619 
   00030    0.4383 -139044.6265  0.2624 
   00031    0.4340 -139212.5426  0.2620 
   00032    0.4356 -139440.9740  0.2625 
   00033    0.4335 -139893.4340  0.2619 
   00034    0.4346 -139976.7418  0.2616 
   00035    0.4368 -140052.4390  0.2608 
   00036    0.4295 -140399.4663  0.2607 
   00037    0.4298 -140617.7655  0.2631 
   00038    0.4305 -140911.8570  0.2637 
   00039    0.4352 -141108.8299  0.2641 
   00040    0.4301 -141361.1317  0.2656 
   00041    0.4268 -141448.1806  0.2651 
   00042    0.4300 -141666.7107  0.2643 
   00043    0.4271 -141907.3047  0.2661 
   00044    0.4281 -142139.4953  0.2673 
   00045    0.4238 -142267.4246  0.2681 
   00046    0.4272 -142381.7118  0.2706 
   00047    0.4273 -142641.9694  0.2711 
   00048    0.4301 -142955.3038  0.2711 
   00049    0.4286 -143171.3486  0.2700 
   00050    0.4274 -143292.0835  0.2687 
