#=====================================================
# File created:        Tue-29-Oct-2024-at-07-14-51PM
# Size of lattice:     460x460
# Number of MC steps:  50
# Reduced temperature: 0.500
# Run time (s):        3.893546
#=====================================================
# MC step:  Ratio:     Energy:   Order:
#================t====================================
   00000    0.5000 -213164.9946  0.2519 
   00001    0.6796 -315297.0416  0.2524 
   00002    0.6239 -382547.1845  0.2535 
   00003    0.5861 -429985.6427  0.2541 
   00004    0.5572 -465819.5589  0.2543 
   00005    0.5372 -493990.6587  0.2550 
   00006    0.5217 -517894.2753  0.2553 
   00007    0.5092 -537439.0750  0.2564 
   00008    0.4983 -554330.5229  0.2566 
   00009    0.4902 -568444.9979  0.2572 
   00010    0.4837 -580089.6538  0.2582 
   00011    0.4748 -590555.2127  0.2580 
   00012    0.4718 -599783.3269  0.2578 
   00013    0.4680 -607565.4056  0.2583 
   00014    0.4626 -615104.1829  0.2585 
   00015    0.4585 -621651.5551  0.2592 
   00016    0.4567 -627074.8219  0.2597 
   00017    0.4535 -632163.2879  0.2601 
   00018    0.4528 -636332.9806  0.2610 
   00019    0.4498 -640332.5826  0.2611 
   00020    0.4470 -643809.9590  0.2614 
   00021    0.4467 -647420.1147  0.2617 
   00022    0.4435 -650333.1874  0.2626 
   00023    0.4435 -652859.6027  0.2629 
   00024    0.4411 -655209.9401  0.2634 
   00025    0.4381 -657685.7585  0.2635 
   00026    0.4377 -660399.2726  0.2633 
   00027    0.4387 -662723.9423  0.2634 
   00028    0.4385 -664411.6167  0.2638 
   00029    0.4367 -666217.2790  0.2635 
   00030    0.4366 -668026.3934  0.2630 
   00031    0.4349 -669888.8199  0.2633 
   00032    0.4329 -670818.3514  0.2642 
   00033    0.4333 -671926.4078  0.2640 
   00034    0.4340 -673302.5400  0.2645 
   00035    0.4333 -674492.1302  0.2648 
   00036    0.4322 -675749.9051  0.2644 
   00037    0.4310 -677091.6948  0.2644 
   00038    0.4309 -678437.7710  0.2639 
   00039    0.4311 -679694.9278  0.2645 
   00040    0.4278 -680572.8579  0.2645 
   00041    0.4287 -681539.4559  0.2649 
   00042    0.4272 -682576.8206  0.2657 
   00043    0.4270 -683489.0992  0.2670 
   00044    0.4257 -684091.6318  0.2675 
   00045    0.4266 -684693.7367  0.2670 
   00046    0.4271 -685238.0554  0.2668 
   00047    0.4254 -685962.9463  0.2670 
   00048    0.4263 -686792.2044  0.2676 
   00049    0.4268 -687419.2128  0.2675 
   00050    0.4252 -688010.0733  0.2685 
