#=====================================================
# File created:        Tue-29-Oct-2024-at-07-14-01PM
# Size of lattice:     210x210
# Number of MC steps:  50
# Reduced temperature: 0.500
# Run time (s):        2.535343
#=====================================================
# MC step:  Ratio:     Energy:   Order:
#================t====================================
   00000    0.5000  -44196.0277  0.2515 
   00001    0.6808  -65552.3659  0.2538 
   00002    0.6239  -79027.9960  0.2538 
   00003    0.5870  -89166.6853  0.2566 
   00004    0.5608  -97027.4137  0.2558 
   00005    0.5355 -102908.3098  0.2565 
   00006    0.5252 -107824.0660  0.2578 
   00007    0.5095 -111704.6083  0.2594 
   00008    0.4981 -114975.8349  0.2602 
   00009    0.4944 -118000.4457  0.2610 
   00010    0.4834 -120522.0519  0.2608 
   00011    0.4759 -122641.0977  0.2612 
   00012    0.4745 -124816.5700  0.2611 
   00013    0.4647 -126690.7335  0.2601 
   00014    0.4624 -128112.6135  0.2612 
   00015    0.4601 -129327.0441  0.2603 
   00016    0.4590 -130463.3270  0.2619 
   00017    0.4559 -131447.3523  0.2640 
   00018    0.4553 -132596.2505  0.2650 
   00019    0.4490 -133258.6049  0.2652 
   00020    0.4480 -134058.0366  0.2673 
   00021    0.4469 -134660.7401  0.2674 
   00022    0.4467 -135490.3524  0.2688 
   00023    0.4424 -135862.1005  0.2703 
   00024    0.4445 -136391.9112  0.2716 
   00025    0.4398 -136796.4491  0.2723 
   00026    0.4394 -137358.4182  0.2724 
   00027    0.4374 -137675.2934  0.2726 
   00028    0.4361 -138178.9390  0.2752 
   00029    0.4349 -138565.1489  0.2754 
   00030    0.4383 -138950.5333  0.2754 
   00031    0.4341 -139108.8986  0.2737 
   00032    0.4324 -139497.3767  0.2744 
   00033    0.4306 -139910.0891  0.2743 
   00034    0.4313 -140398.3981  0.2759 
   00035    0.4346 -140583.3470  0.2763 
   00036    0.4313 -140698.1148  0.2763 
   00037    0.4332 -140873.4636  0.2760 
   00038    0.4317 -140958.7308  0.2776 
   00039    0.4296 -141372.1230  0.2803 
   00040    0.4317 -141617.9666  0.2807 
   00041    0.4282 -141910.3581  0.2781 
   00042    0.4302 -142161.0551  0.2796 
   00043    0.4275 -142083.6435  0.2797 
   00044    0.4286 -142287.4217  0.2801 
   00045    0.4308 -142707.9368  0.2807 
   00046    0.4232 -142913.2834  0.2819 
   00047    0.4286 -142939.0849  0.2824 
   00048    0.4234 -143147.6529  0.2827 
   00049    0.4278 -143477.6285  0.2812 
   00050    0.4215 -143494.6253  0.2833 
