#=====================================================
# File created:        Tue-29-Oct-2024-at-07-16-55PM
# Size of lattice:     1000x1000
# Number of MC steps:  50
# Reduced temperature: 0.500
# Run time (s):        9.906986
#=====================================================
# MC step:  Ratio:     Energy:   Order:
#================t====================================
   00000    0.5000 -998294.9698  0.2504 
   00001    0.6792 -1484595.6383  0.2508 
   00002    0.6220 -1800477.8418  0.2512 
   00003    0.5844 -2028503.4628  0.2517 
   00004    0.5572 -2202143.4343  0.2513 
   00005    0.5364 -2340673.5321  0.2518 
   00006    0.5222 -2452730.8330  0.2516 
   00007    0.5082 -2545451.9103  0.2517 
   00008    0.4982 -2622538.4980  0.2516 
   00009    0.4891 -2688955.6767  0.2515 
   00010    0.4819 -2745295.8030  0.2513 
   00011    0.4762 -2794810.5950  0.2514 
   00012    0.4709 -2836462.7538  0.2515 
   00013    0.4672 -2873266.4597  0.2515 
   00014    0.4633 -2906461.7094  0.2517 
   00015    0.4603 -2935229.2527  0.2516 
   00016    0.4572 -2961922.2212  0.2515 
   00017    0.4549 -2985745.7057  0.2515 
   00018    0.4514 -3006891.2718  0.2518 
   00019    0.4506 -3026196.2433  0.2521 
   00020    0.4477 -3042698.8754  0.2523 
   00021    0.4457 -3058312.3653  0.2526 
   00022    0.4441 -3072545.6591  0.2530 
   00023    0.4426 -3085645.3238  0.2528 
   00024    0.4421 -3098161.3569  0.2528 
   00025    0.4414 -3108931.2689  0.2528 
   00026    0.4395 -3119436.2877  0.2525 
   00027    0.4375 -3129535.4526  0.2531 
   00028    0.4372 -3139361.3177  0.2529 
   00029    0.4368 -3146450.4294  0.2529 
   00030    0.4361 -3154526.1895  0.2529 
   00031    0.4344 -3162571.2878  0.2529 
   00032    0.4335 -3169845.3019  0.2531 
   00033    0.4330 -3176352.2937  0.2531 
   00034    0.4336 -3182392.9150  0.2533 
   00035    0.4321 -3187824.8454  0.2534 
   00036    0.4300 -3193575.5943  0.2534 
   00037    0.4312 -3198542.9961  0.2537 
   00038    0.4304 -3202967.7446  0.2539 
   00039    0.4303 -3206589.3471  0.2537 
   00040    0.4302 -3211259.6853  0.2538 
   00041    0.4289 -3216194.3632  0.2540 
   00042    0.4288 -3219093.7615  0.2541 
   00043    0.4278 -3222879.0527  0.2543 
   00044    0.4286 -3227878.7508  0.2544 
   00045    0.4280 -3231686.5563  0.2541 
   00046    0.4265 -3234656.8741  0.2541 
   00047    0.4277 -3237248.0349  0.2539 
   00048    0.4270 -3240531.0858  0.2538 
   00049    0.4258 -3243937.5328  0.2538 
   00050    0.4259 -3247181.3133  0.2540 
