#=====================================================
# File created:        Tue-29-Oct-2024-at-07-14-17PM
# Size of lattice:     210x210
# Number of MC steps:  50
# Reduced temperature: 0.500
# Run time (s):        2.633717
#=====================================================
# MC step:  Ratio:     Energy:   Order:
#================t====================================
   00000    0.5000  -43984.2093  0.2544 
   00001    0.6828  -65703.1051  0.2592 
   00002    0.6209  -79322.7002  0.2615 
   00003    0.5855  -89607.9420  0.2642 
   00004    0.5570  -97284.7570  0.2648 
   00005    0.5327 -103412.4281  0.2624 
   00006    0.5189 -108420.8588  0.2637 
   00007    0.5089 -112391.9939  0.2642 
   00008    0.4962 -115555.9886  0.2666 
   00009    0.4929 -118598.6837  0.2675 
   00010    0.4873 -121199.1734  0.2700 
   00011    0.4760 -123297.9935  0.2713 
   00012    0.4722 -124943.2457  0.2696 
   00013    0.4652 -126373.4929  0.2703 
   00014    0.4646 -127763.1415  0.2712 
   00015    0.4646 -129021.5025  0.2709 
   00016    0.4591 -130168.4558  0.2705 
   00017    0.4547 -131214.3390  0.2684 
   00018    0.4563 -131995.2666  0.2700 
   00019    0.4535 -132966.3045  0.2701 
   00020    0.4474 -133762.3916  0.2703 
   00021    0.4458 -134387.8982  0.2691 
   00022    0.4477 -135057.5952  0.2689 
   00023    0.4464 -135639.8319  0.2681 
   00024    0.4415 -136176.9789  0.2669 
   00025    0.4432 -136584.9269  0.2662 
   00026    0.4383 -136688.8107  0.2647 
   00027    0.4427 -136948.2022  0.2649 
   00028    0.4398 -137653.2680  0.2622 
   00029    0.4426 -138062.4087  0.2637 
   00030    0.4370 -138427.8057  0.2631 
   00031    0.4351 -138867.9725  0.2636 
   00032    0.4340 -139066.2393  0.2640 
   00033    0.4361 -139433.7617  0.2626 
   00034    0.4376 -139729.0097  0.2631 
   00035    0.4350 -139901.3698  0.2622 
   00036    0.4302 -140270.1763  0.2622 
   00037    0.4322 -140625.5691  0.2618 
   00038    0.4291 -140820.2812  0.2621 
   00039    0.4320 -140963.2305  0.2614 
   00040    0.4316 -141068.8276  0.2613 
   00041    0.4347 -141352.2130  0.2614 
   00042    0.4259 -141642.3149  0.2636 
   00043    0.4268 -141686.4931  0.2655 
   00044    0.4266 -141877.5033  0.2658 
   00045    0.4296 -142150.0180  0.2662 
   00046    0.4249 -142342.7915  0.2654 
   00047    0.4295 -142443.1717  0.2659 
   00048    0.4245 -142402.0873  0.2649 
   00049    0.4293 -142509.4203  0.2649 
   00050    0.4261 -142595.0318  0.2659 
