#=====================================================
# File created:        Tue-29-Oct-2024-at-07-15-24PM
# Size of lattice:     460x460
# Number of MC steps:  50
# Reduced temperature: 0.500
# Run time (s):        3.805568
#=====================================================
# MC step:  Ratio:     Energy:   Order:
#================t====================================
   00000    0.5000 -211069.3977  0.2528 
   00001    0.6784 -315141.1654  0.2533 
   00002    0.6230 -382924.7027  0.2541 
   00003    0.5841 -429991.4594  0.2546 
   00004    0.5579 -466966.6392  0.2545 
   00005    0.5369 -496447.7982  0.2548 
   00006    0.5192 -519338.9037  0.2549 
   00007    0.5106 -539169.1625  0.2537 
   00008    0.4982 -555276.0521  0.2539 
   00009    0.4887 -569176.9382  0.2541 
   00010    0.4829 -581233.7787  0.2537 
   00011    0.4776 -592325.9297  0.2546 
   00012    0.4702 -601242.8098  0.2544 
   00013    0.4662 -609028.7371  0.2549 
   00014    0.4634 -615976.0775  0.2546 
   00015    0.4590 -622065.4347  0.2545 
   00016    0.4560 -627348.8145  0.2551 
   00017    0.4532 -632813.2580  0.2559 
   00018    0.4517 -637367.7436  0.2571 
   00019    0.4496 -641671.8585  0.2578 
   00020    0.4472 -645277.7037  0.2579 
   00021    0.4458 -648584.6724  0.2575 
   00022    0.4430 -651517.0630  0.2579 
   00023    0.4423 -654293.9407  0.2581 
   00024    0.4416 -657016.5235  0.2587 
   00025    0.4408 -659749.1658  0.2585 
   00026    0.4382 -661860.2936  0.2587 
   00027    0.4371 -663557.8492  0.2587 
   00028    0.4365 -665571.2433  0.2596 
   00029    0.4354 -666996.2384  0.2601 
   00030    0.4357 -668542.5269  0.2603 
   00031    0.4371 -670302.5949  0.2594 
   00032    0.4329 -671400.6171  0.2595 
   00033    0.4328 -672973.9601  0.2600 
   00034    0.4301 -674432.3730  0.2600 
   00035    0.4308 -675615.7354  0.2605 
   00036    0.4318 -676734.4709  0.2599 
   00037    0.4305 -677954.2634  0.2601 
   00038    0.4288 -679193.4702  0.2599 
   00039    0.4293 -680037.3235  0.2603 
   00040    0.4281 -681044.8295  0.2604 
   00041    0.4285 -681832.6901  0.2609 
   00042    0.4279 -682510.3895  0.2610 
   00043    0.4263 -682876.2741  0.2616 
   00044    0.4277 -683690.9933  0.2616 
   00045    0.4294 -684246.6427  0.2616 
   00046    0.4259 -685205.4751  0.2624 
   00047    0.4256 -685662.4402  0.2627 
   00048    0.4277 -686950.2962  0.2631 
   00049    0.4251 -687787.0652  0.2635 
   00050    0.4277 -688296.0983  0.2639 
