#=====================================================
# File created:        Tue-29-Oct-2024-at-07-15-07PM
# Size of lattice:     460x460
# Number of MC steps:  50
# Reduced temperature: 0.500
# Run time (s):        3.970038
#=====================================================
# MC step:  Ratio:     Energy:   Order:
#================t====================================
   00000    0.5000 -212225.6862  0.2505 
   00001    0.6805 -315029.3675  0.2525 
   00002    0.6237 -380941.2005  0.2526 
   00003    0.5839 -428842.7451  0.2525 
   00004    0.5579 -465776.5084  0.2526 
   00005    0.5362 -494711.7166  0.2525 
   00006    0.5227 -518189.6695  0.2522 
   00007    0.5094 -538522.8145  0.2523 
   00008    0.4990 -554826.8060  0.2526 
   00009    0.4919 -569074.0056  0.2523 
   00010    0.4816 -580839.2562  0.2526 
   00011    0.4764 -590957.4205  0.2530 
   00012    0.4716 -600038.4078  0.2531 
   00013    0.4666 -608083.7863  0.2534 
   00014    0.4641 -615053.6459  0.2531 
   00015    0.4592 -621893.1670  0.2531 
   00016    0.4560 -627021.5592  0.2532 
   00017    0.4542 -631861.3687  0.2525 
   00018    0.4503 -636665.9723  0.2531 
   00019    0.4494 -640584.6016  0.2538 
   00020    0.4473 -643885.1690  0.2537 
   00021    0.4436 -646982.2402  0.2545 
   00022    0.4452 -649906.4523  0.2548 
   00023    0.4418 -652917.0386  0.2548 
   00024    0.4422 -654890.6084  0.2548 
   00025    0.4400 -657230.7784  0.2547 
   00026    0.4412 -659354.5744  0.2557 
   00027    0.4406 -661652.9654  0.2563 
   00028    0.4388 -663655.7021  0.2569 
   00029    0.4358 -665063.4816  0.2574 
   00030    0.4346 -666936.1389  0.2578 
   00031    0.4357 -667924.4911  0.2574 
   00032    0.4339 -669459.4722  0.2577 
   00033    0.4334 -670732.4078  0.2581 
   00034    0.4337 -672494.9368  0.2593 
   00035    0.4317 -673682.9252  0.2589 
   00036    0.4316 -675053.6489  0.2587 
   00037    0.4326 -676265.0914  0.2592 
   00038    0.4297 -677202.2301  0.2586 
   00039    0.4299 -678512.2841  0.2585 
   00040    0.4288 -679893.3748  0.2585 
   00041    0.4308 -680621.3134  0.2593 
   00042    0.4297 -681317.8253  0.2594 
   00043    0.4251 -682389.4409  0.2599 
   00044    0.4264 -682963.0985  0.2601 
   00045    0.4278 -683657.5659  0.2601 
   00046    0.4262 -684066.3211  0.2600 
   00047    0.4267 -684794.7558  0.2599 
   00048    0.4270 -685876.3996  0.2603 
   00049    0.4252 -686861.5190  0.2604 
   00050    0.4254 -687330.3370  0.2610 
