#=====================================================
# File created:        Tue-29-Oct-2024-at-07-16-10PM
# Size of lattice:     1000x1000
# Number of MC steps:  50
# Reduced temperature: 0.500
# Run time (s):        9.885072
#=====================================================
# MC step:  Ratio:     Energy:   Order:
#================t====================================
   00000    0.5000 -1000750.0945  0.2509 
   00001    0.6801 -1484836.0474  0.2505 
   00002    0.6232 -1801058.7364  0.2502 
   00003    0.5846 -2027449.7787  0.2505 
   00004    0.5580 -2200426.1534  0.2502 
   00005    0.5363 -2338307.8486  0.2504 
   00006    0.5214 -2449648.4006  0.2508 
   00007    0.5094 -2541566.6149  0.2513 
   00008    0.4982 -2618698.0605  0.2512 
   00009    0.4900 -2684733.7576  0.2517 
   00010    0.4835 -2741674.1184  0.2517 
   00011    0.4766 -2790912.3299  0.2519 
   00012    0.4721 -2833438.3697  0.2521 
   00013    0.4675 -2870827.4048  0.2524 
   00014    0.4635 -2903111.6197  0.2526 
   00015    0.4595 -2931847.3667  0.2527 
   00016    0.4573 -2958722.2073  0.2526 
   00017    0.4542 -2982516.1809  0.2531 
   00018    0.4518 -3003578.4589  0.2535 
   00019    0.4496 -3021843.6327  0.2536 
   00020    0.4485 -3038811.3002  0.2534 
   00021    0.4460 -3053689.6113  0.2534 
   00022    0.4458 -3068865.8912  0.2534 
   00023    0.4427 -3081753.6765  0.2535 
   00024    0.4415 -3093679.5695  0.2536 
   00025    0.4408 -3104799.8883  0.2539 
   00026    0.4396 -3116188.5678  0.2541 
   00027    0.4383 -3125717.6024  0.2536 
   00028    0.4370 -3135496.4417  0.2534 
   00029    0.4364 -3143006.9076  0.2537 
   00030    0.4362 -3150310.1283  0.2536 
   00031    0.4352 -3157582.3531  0.2535 
   00032    0.4348 -3164961.3460  0.2534 
   00033    0.4331 -3171046.7695  0.2533 
   00034    0.4333 -3176772.5554  0.2531 
   00035    0.4323 -3183078.4967  0.2534 
   00036    0.4329 -3188370.0721  0.2535 
   00037    0.4325 -3194155.2596  0.2531 
   00038    0.4309 -3199530.9655  0.2534 
   00039    0.4301 -3203615.5093  0.2531 
   00040    0.4298 -3209416.8232  0.2532 
   00041    0.4294 -3213505.6544  0.2529 
   00042    0.4289 -3217519.2538  0.2535 
   00043    0.4285 -3220394.0792  0.2534 
   00044    0.4291 -3225248.9134  0.2535 
   00045    0.4285 -3229287.0748  0.2538 
   00046    0.4286 -3232415.8020  0.2538 
   00047    0.4268 -3236638.4674  0.2538 
   00048    0.4270 -3239967.7055  0.2538 
   00049    0.4277 -3243065.6607  0.2539 
   00050    0.4254 -3245629.1556  0.2542 
