#=====================================================
# File created:        Tue-29-Oct-2024-at-07-14-34PM
# Size of lattice:     460x460
# Number of MC steps:  50
# Reduced temperature: 0.500
# Run time (s):        4.223150
#=====================================================
# MC step:  Ratio:     Energy:   Order:
#================t====================================
   00000    0.5000 -211520.3490  0.2512 
   00001    0.6800 -315183.4187  0.2502 
   00002    0.6226 -381420.5239  0.2506 
   00003    0.5838 -429139.7421  0.2505 
   00004    0.5573 -465345.2778  0.2509 
   00005    0.5373 -494266.0731  0.2507 
   00006    0.5218 -518043.1343  0.2518 
   00007    0.5071 -537881.7768  0.2521 
   00008    0.4999 -554351.1393  0.2527 
   00009    0.4884 -568356.8169  0.2538 
   00010    0.4821 -579975.7510  0.2549 
   00011    0.4766 -590458.0713  0.2555 
   00012    0.4707 -599585.1793  0.2558 
   00013    0.4661 -607324.9836  0.2553 
   00014    0.4656 -614142.0494  0.2555 
   00015    0.4611 -620319.8222  0.2556 
   00016    0.4583 -625502.4413  0.2565 
   00017    0.4550 -630314.4695  0.2565 
   00018    0.4532 -635382.1999  0.2559 
   00019    0.4509 -639554.7694  0.2558 
   00020    0.4458 -643077.7899  0.2567 
   00021    0.4466 -646383.1415  0.2569 
   00022    0.4426 -649502.1367  0.2573 
   00023    0.4432 -652197.3600  0.2564 
   00024    0.4406 -654567.1792  0.2565 
   00025    0.4415 -656447.7876  0.2566 
   00026    0.4408 -658989.4920  0.2566 
   00027    0.4377 -660854.4507  0.2564 
   00028    0.4385 -663001.2954  0.2563 
   00029    0.4371 -664728.8176  0.2554 
   00030    0.4363 -666012.1779  0.2555 
   00031    0.4341 -667496.2987  0.2555 
   00032    0.4353 -668701.1748  0.2564 
   00033    0.4345 -670375.5621  0.2567 
   00034    0.4341 -671761.7218  0.2567 
   00035    0.4335 -673262.4207  0.2573 
   00036    0.4345 -674197.9790  0.2575 
   00037    0.4313 -675086.4522  0.2577 
   00038    0.4304 -676321.4810  0.2574 
   00039    0.4302 -677496.7732  0.2581 
   00040    0.4307 -678790.6018  0.2584 
   00041    0.4290 -679303.9572  0.2581 
   00042    0.4292 -680686.1137  0.2574 
   00043    0.4283 -681246.3778  0.2581 
   00044    0.4277 -681963.4134  0.2577 
   00045    0.4282 -682802.6789  0.2574 
   00046    0.4272 -683766.4542  0.2569 
   00047    0.4284 -684474.6982  0.2574 
   00048    0.4273 -685087.0598  0.2570 
   00049    0.4263 -685681.1781  0.2580 
   00050    0.4265 -686823.1883  0.2580 
