#=====================================================
# File created:        Tue-29-Oct-2024-at-07-15-48PM
# Size of lattice:     1000x1000
# Number of MC steps:  50
# Reduced temperature: 0.500
# Run time (s):        11.429513
#=====================================================
# MC step:  Ratio:     Energy:   Order:
#================t====================================
   00000    0.5000 -998176.6974  0.2504 
   00001    0.6803 -1486003.9423  0.2512 
   00002    0.6225 -1801972.6032  0.2517 
   00003    0.5849 -2028626.9327  0.2516 
   00004    0.5579 -2201496.4983  0.2521 
   00005    0.5369 -2339632.7281  0.2525 
   00006    0.5208 -2451687.8967  0.2528 
   00007    0.5086 -2543862.1598  0.2530 
   00008    0.4983 -2622084.1248  0.2530 
   00009    0.4902 -2688482.9473  0.2536 
   00010    0.4828 -2745167.8847  0.2543 
   00011    0.4756 -2794537.6465  0.2548 
   00012    0.4718 -2837325.6787  0.2547 
   00013    0.4667 -2874436.3751  0.2547 
   00014    0.4636 -2907669.2914  0.2546 
   00015    0.4595 -2937194.2101  0.2549 
   00016    0.4571 -2961765.5344  0.2547 
   00017    0.4537 -2985254.7375  0.2548 
   00018    0.4512 -3006139.8635  0.2549 
   00019    0.4510 -3024490.4039  0.2545 
   00020    0.4475 -3041887.5882  0.2547 
   00021    0.4457 -3058025.6687  0.2545 
   00022    0.4433 -3071607.5827  0.2543 
   00023    0.4427 -3085053.0395  0.2546 
   00024    0.4423 -3097085.5983  0.2549 
   00025    0.4405 -3108486.2368  0.2546 
   00026    0.4395 -3118821.7184  0.2548 
   00027    0.4387 -3127733.8048  0.2546 
   00028    0.4376 -3138394.4551  0.2548 
   00029    0.4368 -3146358.9485  0.2549 
   00030    0.4361 -3153660.9361  0.2547 
   00031    0.4349 -3161555.0454  0.2547 
   00032    0.4343 -3167416.7389  0.2550 
   00033    0.4328 -3174477.5140  0.2547 
   00034    0.4330 -3180781.2639  0.2553 
   00035    0.4323 -3186300.1818  0.2554 
   00036    0.4325 -3191656.6058  0.2554 
   00037    0.4315 -3196585.5918  0.2554 
   00038    0.4301 -3201858.8769  0.2555 
   00039    0.4308 -3206527.2054  0.2555 
   00040    0.4303 -3210061.8887  0.2553 
   00041    0.4291 -3213564.6295  0.2555 
   00042    0.4296 -3217163.5669  0.2556 
   00043    0.4284 -3221660.2111  0.2558 
   00044    0.4277 -3226002.8272  0.2559 
   00045    0.4272 -3229571.4161  0.2563 
   00046    0.4281 -3232876.1393  0.2563 
   00047    0.4279 -3236566.0743  0.2561 
   00048    0.4268 -3239939.6106  0.2561 
   00049    0.4262 -3242373.0989  0.2560 
   00050    0.4256 -3245267.4412  0.2562 
