#=====================================================
# File created:        Sun-27-Oct-2024-at-07-03-22PM
# Size of lattice:     1000x1000
# Number of MC steps:  50
# Reduced temperature: 0.500
# Run time (s):        353.820456
#=====================================================
# MC step:  Ratio:     Energy:   Order:
#=====================================================
   00000    0.5000 -999865.8515  0.2505 
   00001    0.6795 -1486128.2612  0.2506 
   00002    0.6228 -1802307.3443  0.2510 
   00003    0.5847 -2028483.6494  0.2514 
   00004    0.5573 -2201175.0927  0.2517 
   00005    0.5377 -2339454.1475  0.2519 
   00006    0.5202 -2450901.0317  0.2521 
   00007    0.5092 -2543764.1522  0.2524 
   00008    0.4995 -2621335.6102  0.2526 
   00009    0.4904 -2687635.5089  0.2524 
   00010    0.4834 -2744344.0812  0.2522 
   00011    0.4768 -2792798.2923  0.2526 
   00012    0.4725 -2835990.8549  0.2528 
   00013    0.4661 -2874421.3879  0.2527 
   00014    0.4641 -2908248.6513  0.2530 
   00015    0.4603 -2937437.1081  0.2532 
   00016    0.4570 -2964025.8454  0.2532 
   00017    0.4535 -2987621.8556  0.2534 
   00018    0.4517 -3008760.7256  0.2532 
   00019    0.4489 -3027798.1439  0.2536 
   00020    0.4475 -3044580.7168  0.2541 
   00021    0.4456 -3060326.2388  0.2540 
   00022    0.4441 -3074079.6325  0.2535 
   00023    0.4425 -3087747.1610  0.2540 
   00024    0.4423 -3099608.0874  0.2542 
   00025    0.4403 -3109681.6063  0.2544 
   00026    0.4400 -3120286.5948  0.2544 
   00027    0.4385 -3130133.5127  0.2541 
   00028    0.4368 -3138439.4271  0.2542 
   00029    0.4356 -3146485.6072  0.2542 
   00030    0.4359 -3154318.9411  0.2541 
   00031    0.4341 -3161547.5926  0.2538 
   00032    0.4338 -3169768.3091  0.2538 
   00033    0.4335 -3176292.4553  0.2536 
   00034    0.4321 -3182006.1341  0.2536 
   00035    0.4315 -3188274.9344  0.2535 
   00036    0.4320 -3193402.4169  0.2538 
   00037    0.4304 -3198631.3774  0.2539 
   00038    0.4306 -3202363.8059  0.2537 
   00039    0.4299 -3207782.5794  0.2539 
   00040    0.4294 -3211492.1784  0.2543 
   00041    0.4290 -3216858.6723  0.2544 
   00042    0.4282 -3221183.7931  0.2545 
   00043    0.4285 -3225672.4903  0.2547 
   00044    0.4277 -3229496.2583  0.2546 
   00045    0.4277 -3232903.6579  0.2545 
   00046    0.4268 -3235759.0440  0.2547 
   00047    0.4272 -3238390.8935  0.2549 
   00048    0.4278 -3241382.4965  0.2550 
   00049    0.4276 -3243467.1506  0.2551 
   00050    0.4253 -3247324.0434  0.2551 
