#=====================================================
# File created:        Sun-27-Oct-2024-at-06-56-16PM
# Size of lattice:     210x210
# Number of MC steps:  50
# Reduced temperature: 0.500
# Run time (s):        15.506538
#=====================================================
# MC step:  Ratio:     Energy:   Order:
#=====================================================
   00000    0.5000  -44010.3218  0.2507 
   00001    0.6824  -65651.9313  0.2523 
   00002    0.6210  -80060.5595  0.2527 
   00003    0.5857  -89650.8321  0.2539 
   00004    0.5523  -97337.4157  0.2568 
   00005    0.5393 -103594.3464  0.2595 
   00006    0.5208 -108654.0496  0.2605 
   00007    0.5071 -112596.2383  0.2618 
   00008    0.4965 -115848.7126  0.2647 
   00009    0.4896 -118730.4536  0.2636 
   00010    0.4858 -121236.2075  0.2628 
   00011    0.4729 -123147.1281  0.2646 
   00012    0.4714 -124968.0904  0.2655 
   00013    0.4661 -126637.4358  0.2675 
   00014    0.4642 -127937.3394  0.2667 
   00015    0.4615 -129205.7766  0.2653 
   00016    0.4529 -130403.3253  0.2656 
   00017    0.4556 -131486.5510  0.2676 
   00018    0.4515 -132429.2218  0.2674 
   00019    0.4495 -133267.8641  0.2679 
   00020    0.4470 -134032.7084  0.2688 
   00021    0.4431 -134626.1753  0.2695 
   00022    0.4463 -135318.7751  0.2692 
   00023    0.4435 -135842.5817  0.2700 
   00024    0.4396 -136512.2051  0.2682 
   00025    0.4447 -136833.4572  0.2683 
   00026    0.4377 -137386.0613  0.2693 
   00027    0.4386 -137953.0476  0.2707 
   00028    0.4424 -138482.9102  0.2727 
   00029    0.4370 -138752.5456  0.2739 
   00030    0.4348 -139009.9558  0.2721 
   00031    0.4377 -139209.8661  0.2730 
   00032    0.4318 -139600.1922  0.2744 
   00033    0.4369 -139968.2686  0.2750 
   00034    0.4311 -140234.8434  0.2741 
   00035    0.4287 -140508.6389  0.2746 
   00036    0.4328 -140798.0767  0.2749 
   00037    0.4297 -141047.4399  0.2750 
   00038    0.4311 -141537.3964  0.2735 
   00039    0.4301 -141661.1258  0.2745 
   00040    0.4321 -141948.9381  0.2742 
   00041    0.4244 -142107.9330  0.2735 
   00042    0.4296 -142194.3447  0.2732 
   00043    0.4260 -142486.8745  0.2722 
   00044    0.4252 -142617.7309  0.2739 
   00045    0.4210 -142689.8055  0.2740 
   00046    0.4271 -142750.8944  0.2734 
   00047    0.4231 -142863.3242  0.2720 
   00048    0.4256 -142857.8452  0.2709 
   00049    0.4281 -142891.1109  0.2693 
   00050    0.4280 -142964.7670  0.2684 
