#=====================================================
# File created:        Sun-27-Oct-2024-at-06-57-27PM
# Size of lattice:     460x460
# Number of MC steps:  50
# Reduced temperature: 0.500
# Run time (s):        69.542331
#=====================================================
# MC step:  Ratio:     Energy:   Order:
#=====================================================
   00000    0.5000 -210832.3289  0.2509 
   00001    0.6815 -314175.8581  0.2516 
   00002    0.6232 -380612.9486  0.2524 
   00003    0.5836 -428557.6588  0.2533 
   00004    0.5556 -465341.2960  0.2540 
   00005    0.5366 -493953.0682  0.2538 
   00006    0.5231 -517847.4779  0.2550 
   00007    0.5076 -537599.7976  0.2554 
   00008    0.5006 -553819.5036  0.2558 
   00009    0.4900 -567832.2536  0.2559 
   00010    0.4822 -579186.1089  0.2552 
   00011    0.4766 -589854.2134  0.2552 
   00012    0.4720 -598943.5863  0.2547 
   00013    0.4669 -607089.9753  0.2549 
   00014    0.4654 -613774.5644  0.2539 
   00015    0.4613 -619881.7924  0.2540 
   00016    0.4582 -625307.3845  0.2547 
   00017    0.4554 -630471.4353  0.2560 
   00018    0.4531 -635751.5389  0.2559 
   00019    0.4499 -639713.1503  0.2554 
   00020    0.4493 -643472.6607  0.2557 
   00021    0.4459 -646613.2629  0.2559 
   00022    0.4442 -649991.2533  0.2563 
   00023    0.4432 -652702.9785  0.2566 
   00024    0.4414 -655470.4567  0.2563 
   00025    0.4380 -658176.3458  0.2555 
   00026    0.4364 -660262.4696  0.2558 
   00027    0.4364 -662468.7387  0.2555 
   00028    0.4368 -663848.3083  0.2548 
   00029    0.4354 -665690.1490  0.2554 
   00030    0.4365 -667879.7788  0.2552 
   00031    0.4341 -669267.8227  0.2549 
   00032    0.4344 -670827.1087  0.2553 
   00033    0.4327 -671940.2546  0.2556 
   00034    0.4343 -672894.1574  0.2560 
   00035    0.4322 -673901.6099  0.2567 
   00036    0.4308 -675340.3321  0.2572 
   00037    0.4322 -676748.6885  0.2568 
   00038    0.4281 -678372.1951  0.2567 
   00039    0.4299 -679304.4454  0.2562 
   00040    0.4292 -680272.0753  0.2564 
   00041    0.4302 -680972.7987  0.2568 
   00042    0.4274 -681852.6178  0.2560 
   00043    0.4263 -682505.4617  0.2558 
   00044    0.4289 -683054.2756  0.2562 
   00045    0.4288 -683508.8621  0.2563 
   00046    0.4262 -684500.1747  0.2566 
   00047    0.4278 -685093.0882  0.2565 
   00048    0.4277 -686131.8256  0.2558 
   00049    0.4263 -686608.9680  0.2547 
   00050    0.4255 -687191.7128  0.2544 
