#=====================================================
# File created:        Tue-22-Oct-2024-at-02-51-50PM
# Size of lattice:     210x210
# Number of MC steps:  50
# Reduced temperature: 0.500
# Run time (s):        11.039543
#=====================================================
# MC step:  Ratio:     Energy:   Order:
#================t====================================
   00000    0.5000  -44629.0267  0.2525 
   00001    0.6816  -65817.7844  0.2572 
   00002    0.6225  -79182.8885  0.2570 
   00003    0.5873  -89300.8835  0.2553 
   00004    0.5607  -96851.7873  0.2560 
   00005    0.5343 -102997.7673  0.2549 
   00006    0.5207 -108151.1270  0.2545 
   00007    0.5091 -112141.3274  0.2533 
   00008    0.5034 -115620.8377  0.2539 
   00009    0.4886 -118549.6970  0.2557 
   00010    0.4837 -120993.9580  0.2557 
   00011    0.4776 -123190.0062  0.2567 
   00012    0.4719 -124985.6296  0.2578 
   00013    0.4674 -126760.7293  0.2559 
   00014    0.4650 -127976.9019  0.2570 
   00015    0.4572 -129239.7243  0.2561 
   00016    0.4600 -130459.3078  0.2568 
   00017    0.4566 -131361.3957  0.2570 
   00018    0.4541 -132356.7438  0.2557 
   00019    0.4527 -133319.5923  0.2546 
   00020    0.4494 -133882.6465  0.2542 
   00021    0.4462 -134828.5845  0.2538 
   00022    0.4441 -135356.7973  0.2521 
   00023    0.4444 -135967.3922  0.2509 
   00024    0.4467 -136598.7007  0.2521 
   00025    0.4407 -137187.4492  0.2515 
   00026    0.4382 -137514.6419  0.2522 
   00027    0.4402 -137962.2262  0.2520 
   00028    0.4379 -138189.0380  0.2523 
   00029    0.4333 -138729.1255  0.2525 
   00030    0.4380 -139213.5305  0.2514 
   00031    0.4300 -139658.7315  0.2515 
   00032    0.4304 -139814.6965  0.2512 
   00033    0.4322 -140086.9260  0.2514 
   00034    0.4344 -140297.1034  0.2518 
   00035    0.4333 -140648.7640  0.2524 
   00036    0.4325 -140421.5310  0.2518 
   00037    0.4293 -140699.6270  0.2519 
   00038    0.4253 -140840.3232  0.2538 
   00039    0.4329 -141131.2751  0.2539 
   00040    0.4340 -141546.3104  0.2538 
   00041    0.4297 -141595.5140  0.2536 
   00042    0.4306 -141596.9495  0.2531 
   00043    0.4283 -141796.0099  0.2529 
   00044    0.4256 -142043.8816  0.2540 
   00045    0.4267 -142412.9717  0.2556 
   00046    0.4261 -142696.8457  0.2579 
   00047    0.4263 -142981.1272  0.2580 
   00048    0.4215 -143264.0096  0.2578 
   00049    0.4265 -143251.4215  0.2590 
   00050    0.4256 -143282.9226  0.2595 
