#=====================================================
# File created:        Mon-28-Oct-2024-at-01-42-38AM
# Size of lattice:     1000x1000
# Number of MC steps:  50
# Reduced temperature: 0.500
# Run time (s):        1107.513191
#=====================================================
# MC step:  Ratio:     Energy:   Order:
#================t====================================
   00000    0.5000 -999163.5498  0.7510 
   00001    0.6800 -1487626.7125  0.7512 
   00002    0.6238 -1803940.5451  0.7517 
   00003    0.5839 -2031007.4980  0.7519 
   00004    0.5573 -2203716.6681  0.7518 
   00005    0.5368 -2340503.4812  0.7521 
   00006    0.5208 -2452368.8048  0.7522 
   00007    0.5086 -2543786.8306  0.7528 
   00008    0.4981 -2622606.2745  0.7530 
   00009    0.4904 -2687777.0978  0.7535 
   00010    0.4832 -2745028.0626  0.7535 
   00011    0.4758 -2793028.5232  0.7535 
   00012    0.4722 -2836526.0000  0.7536 
   00013    0.4662 -2873470.6061  0.7536 
   00014    0.4625 -2906138.9604  0.7538 
   00015    0.4599 -2935100.9516  0.7544 
   00016    0.4569 -2961914.0005  0.7545 
   00017    0.4540 -2986186.8100  0.7545 
   00018    0.4510 -3007134.6279  0.7546 
   00019    0.4493 -3026373.7225  0.7547 
   00020    0.4478 -3043162.5990  0.7549 
   00021    0.4452 -3058123.2210  0.7551 
   00022    0.4448 -3072722.8573  0.7551 
   00023    0.4429 -3085671.3172  0.7554 
   00024    0.4422 -3098278.6528  0.7556 
   00025    0.4402 -3109068.1741  0.7559 
   00026    0.4393 -3119398.3636  0.7562 
   00027    0.4384 -3128892.0793  0.7563 
   00028    0.4371 -3138870.7705  0.7566 
   00029    0.4362 -3146914.1528  0.7567 
   00030    0.4358 -3154614.1329  0.7572 
   00031    0.4346 -3161569.6477  0.7569 
   00032    0.4341 -3169333.9865  0.7568 
   00033    0.4337 -3175951.1367  0.7568 
   00034    0.4319 -3181308.5107  0.7570 
   00035    0.4311 -3187277.7906  0.7575 
   00036    0.4321 -3192365.7363  0.7573 
   00037    0.4306 -3197264.5325  0.7573 
   00038    0.4302 -3202587.2837  0.7572 
   00039    0.4305 -3208043.0056  0.7575 
   00040    0.4301 -3212867.4711  0.7573 
   00041    0.4288 -3217726.3143  0.7571 
   00042    0.4283 -3220543.8544  0.7571 
   00043    0.4288 -3225043.4281  0.7568 
   00044    0.4274 -3229129.0600  0.7568 
   00045    0.4274 -3232377.3766  0.7570 
   00046    0.4273 -3235235.4686  0.7571 
   00047    0.4266 -3238806.1062  0.7575 
   00048    0.4269 -3241709.7037  0.7579 
   00049    0.4257 -3244663.9842  0.7578 
   00050    0.4266 -3247030.7947  0.7576 
