#=====================================================
# File created:        Tue-22-Oct-2024-at-02-52-58PM
# Size of lattice:     460x460
# Number of MC steps:  50
# Reduced temperature: 0.500
# Run time (s):        54.762398
#=====================================================
# MC step:  Ratio:     Energy:   Order:
#================t====================================
   00000    0.5000 -211139.5514  0.2509 
   00001    0.6807 -313883.7134  0.2510 
   00002    0.6241 -381701.1277  0.2509 
   00003    0.5845 -429561.1529  0.2507 
   00004    0.5577 -466020.5426  0.2509 
   00005    0.5369 -494978.6645  0.2510 
   00006    0.5208 -518826.3108  0.2512 
   00007    0.5084 -538668.2266  0.2525 
   00008    0.4966 -554719.3975  0.2530 
   00009    0.4897 -568625.1724  0.2538 
   00010    0.4845 -580457.5440  0.2547 
   00011    0.4765 -591392.2370  0.2549 
   00012    0.4716 -600196.7027  0.2552 
   00013    0.4668 -608022.1615  0.2557 
   00014    0.4636 -614844.9282  0.2556 
   00015    0.4605 -621061.3716  0.2557 
   00016    0.4563 -626813.3230  0.2552 
   00017    0.4546 -631666.4150  0.2560 
   00018    0.4500 -635653.8946  0.2561 
   00019    0.4497 -639816.3985  0.2566 
   00020    0.4499 -644098.5181  0.2568 
   00021    0.4460 -647424.6973  0.2573 
   00022    0.4420 -650618.2459  0.2579 
   00023    0.4428 -653269.3049  0.2580 
   00024    0.4403 -656129.5246  0.2580 
   00025    0.4397 -657998.0714  0.2584 
   00026    0.4406 -660045.9365  0.2592 
   00027    0.4385 -662289.7174  0.2600 
   00028    0.4378 -663868.8416  0.2604 
   00029    0.4362 -665476.7530  0.2614 
   00030    0.4366 -667098.7200  0.2611 
   00031    0.4328 -668956.9067  0.2609 
   00032    0.4339 -670145.8482  0.2608 
   00033    0.4325 -671574.2900  0.2616 
   00034    0.4348 -672761.8743  0.2615 
   00035    0.4323 -674411.5136  0.2613 
   00036    0.4327 -675668.7607  0.2622 
   00037    0.4319 -677150.1283  0.2621 
   00038    0.4318 -677693.0374  0.2629 
   00039    0.4299 -678988.5239  0.2631 
   00040    0.4293 -679884.6706  0.2634 
   00041    0.4291 -680889.9083  0.2635 
   00042    0.4286 -682250.6747  0.2638 
   00043    0.4286 -683223.0475  0.2645 
   00044    0.4280 -683617.5852  0.2646 
   00045    0.4273 -683855.3942  0.2648 
   00046    0.4251 -684511.0640  0.2647 
   00047    0.4267 -685071.4240  0.2653 
   00048    0.4270 -685224.7537  0.2659 
   00049    0.4255 -685781.1925  0.2657 
   00050    0.4290 -686344.6003  0.2658 
