#=====================================================
# File created:        Fri-18-Oct-2024-at-02-37-08PM
# Size of lattice:     210x210
# Number of MC steps:  50
# Reduced temperature: 0.500
# Run time (s):        76.616345
#=====================================================
# MC step:  Ratio:     Energy:   Order:
#=====================================================
   00000    0.5000  -43953.5770  0.2525 
   00001    0.6813  -65382.2480  0.2542 
   00002    0.6268  -79724.6806  0.2548 
   00003    0.5834  -89734.7289  0.2534 
   00004    0.5524  -97747.2653  0.2526 
   00005    0.5337 -103675.3886  0.2529 
   00006    0.5172 -108847.3403  0.2535 
   00007    0.5076 -112591.6633  0.2522 
   00008    0.4999 -115890.5113  0.2521 
   00009    0.4880 -118934.8507  0.2517 
   00010    0.4829 -121575.6696  0.2508 
   00011    0.4740 -123756.7863  0.2516 
   00012    0.4687 -125656.3420  0.2520 
   00013    0.4645 -127134.6124  0.2526 
   00014    0.4600 -128436.1229  0.2541 
   00015    0.4590 -129740.9721  0.2544 
   00016    0.4566 -130743.8571  0.2546 
   00017    0.4549 -131761.4186  0.2543 
   00018    0.4525 -132628.1610  0.2534 
   00019    0.4483 -133677.2423  0.2534 
   00020    0.4466 -134535.9578  0.2549 
   00021    0.4482 -135147.7146  0.2540 
   00022    0.4447 -135808.4317  0.2562 
   00023    0.4423 -136422.8552  0.2571 
   00024    0.4415 -136838.0319  0.2575 
   00025    0.4382 -137369.9734  0.2557 
   00026    0.4415 -137831.3724  0.2562 
   00027    0.4384 -138121.8649  0.2563 
   00028    0.4392 -138571.3519  0.2550 
   00029    0.4410 -139124.9445  0.2568 
   00030    0.4355 -139740.8347  0.2584 
   00031    0.4300 -139989.0672  0.2586 
   00032    0.4313 -140261.2953  0.2589 
   00033    0.4361 -140378.1668  0.2592 
   00034    0.4355 -140860.5267  0.2593 
   00035    0.4266 -141099.3001  0.2597 
   00036    0.4338 -141201.1141  0.2606 
   00037    0.4330 -141420.8499  0.2614 
   00038    0.4291 -141521.6228  0.2615 
   00039    0.4329 -141749.1210  0.2608 
   00040    0.4289 -142004.7029  0.2609 
   00041    0.4298 -142216.5088  0.2618 
   00042    0.4284 -142469.3676  0.2619 
   00043    0.4327 -142535.8591  0.2615 
   00044    0.4308 -142756.9499  0.2608 
   00045    0.4249 -142950.1145  0.2620 
   00046    0.4227 -143015.8156  0.2610 
   00047    0.4222 -143130.5439  0.2611 
   00048    0.4237 -143320.6055  0.2602 
   00049    0.4227 -143459.6311  0.2603 
   00050    0.4246 -143544.1029  0.2591 
