#=====================================================
# File created:        Fri-18-Oct-2024-at-03-19-10PM
# Size of lattice:     1000x1000
# Number of MC steps:  50
# Reduced temperature: 0.500
# Run time (s):        2083.877598
#=====================================================
# MC step:  Ratio:     Energy:   Order:
#=====================================================
   00000    0.5000 -1000994.3736  0.2502 
   00001    0.6792 -1488039.3824  0.2507 
   00002    0.6232 -1802730.9590  0.2511 
   00003    0.5857 -2027923.2195  0.2512 
   00004    0.5580 -2202323.0953  0.2509 
   00005    0.5371 -2337430.5488  0.2506 
   00006    0.5205 -2447573.0735  0.2504 
   00007    0.5092 -2540824.1975  0.2503 
   00008    0.4977 -2618972.9872  0.2507 
   00009    0.4903 -2685191.6801  0.2504 
   00010    0.4822 -2742479.0442  0.2507 
   00011    0.4772 -2791650.2643  0.2506 
   00012    0.4723 -2834688.6262  0.2511 
   00013    0.4669 -2872274.2812  0.2510 
   00014    0.4624 -2906218.1359  0.2513 
   00015    0.4610 -2934344.8115  0.2517 
   00016    0.4571 -2961330.7283  0.2515 
   00017    0.4536 -2984166.6691  0.2517 
   00018    0.4517 -3004958.5859  0.2519 
   00019    0.4504 -3024382.6370  0.2518 
   00020    0.4475 -3042041.1164  0.2517 
   00021    0.4470 -3057363.2453  0.2516 
   00022    0.4453 -3071753.7637  0.2512 
   00023    0.4436 -3085352.6694  0.2513 
   00024    0.4414 -3096766.5895  0.2514 
   00025    0.4404 -3108611.8423  0.2519 
   00026    0.4388 -3118338.3770  0.2520 
   00027    0.4383 -3128703.8907  0.2521 
   00028    0.4367 -3137006.4024  0.2520 
   00029    0.4365 -3145922.6530  0.2519 
   00030    0.4355 -3152729.0162  0.2517 
   00031    0.4350 -3161126.9381  0.2513 
   00032    0.4340 -3168659.6075  0.2517 
   00033    0.4340 -3175257.6220  0.2518 
   00034    0.4326 -3182079.4317  0.2516 
   00035    0.4326 -3186830.5581  0.2516 
   00036    0.4324 -3192412.5056  0.2517 
   00037    0.4313 -3196886.2832  0.2521 
   00038    0.4309 -3202048.3173  0.2520 
   00039    0.4299 -3206186.2019  0.2517 
   00040    0.4300 -3210942.1427  0.2512 
   00041    0.4292 -3214916.0034  0.2511 
   00042    0.4296 -3218491.5690  0.2513 
   00043    0.4283 -3222725.9860  0.2514 
   00044    0.4275 -3226760.9891  0.2509 
   00045    0.4286 -3229573.1600  0.2510 
   00046    0.4279 -3233532.6664  0.2508 
   00047    0.4270 -3236721.3792  0.2504 
   00048    0.4265 -3240301.3059  0.2504 
   00049    0.4266 -3243301.8561  0.2506 
   00050    0.4246 -3245874.2612  0.2503 
