#=====================================================
# File created:        Mon-28-Oct-2024-at-01-24-09AM
# Size of lattice:     460x460
# Number of MC steps:  50
# Reduced temperature: 0.500
# Run time (s):        297.294402
#=====================================================
# MC step:  Ratio:     Energy:   Order:
#================t====================================
   00000    0.5000 -211967.8795  0.7508 
   00001    0.6770 -314947.9126  0.7519 
   00002    0.6213 -382601.3836  0.7518 
   00003    0.5831 -430600.8350  0.7533 
   00004    0.5579 -467066.5732  0.7538 
   00005    0.5379 -495890.8784  0.7541 
   00006    0.5203 -519384.8261  0.7545 
   00007    0.5073 -538403.2710  0.7535 
   00008    0.4986 -554964.7797  0.7538 
   00009    0.4896 -568729.5685  0.7533 
   00010    0.4827 -580548.8765  0.7539 
   00011    0.4756 -591405.9592  0.7537 
   00012    0.4717 -600275.6946  0.7540 
   00013    0.4667 -607856.3504  0.7551 
   00014    0.4660 -614538.2398  0.7555 
   00015    0.4614 -620508.1829  0.7559 
   00016    0.4561 -625882.5994  0.7560 
   00017    0.4531 -631160.8786  0.7577 
   00018    0.4542 -635468.4732  0.7580 
   00019    0.4519 -640024.2920  0.7576 
   00020    0.4479 -643974.3542  0.7565 
   00021    0.4465 -647679.5012  0.7572 
   00022    0.4441 -650835.3743  0.7577 
   00023    0.4408 -653127.2768  0.7580 
   00024    0.4417 -655467.8970  0.7585 
   00025    0.4401 -657905.1791  0.7588 
   00026    0.4401 -660093.1059  0.7581 
   00027    0.4380 -661995.4047  0.7584 
   00028    0.4383 -663638.1576  0.7586 
   00029    0.4368 -665745.5623  0.7593 
   00030    0.4360 -667379.0241  0.7590 
   00031    0.4331 -669241.4423  0.7590 
   00032    0.4347 -670940.1706  0.7587 
   00033    0.4329 -671641.8800  0.7585 
   00034    0.4332 -672798.2558  0.7590 
   00035    0.4334 -674357.6025  0.7588 
   00036    0.4327 -675785.8411  0.7583 
   00037    0.4312 -676769.2137  0.7581 
   00038    0.4303 -677659.5803  0.7580 
   00039    0.4295 -678431.5572  0.7577 
   00040    0.4293 -679288.1123  0.7574 
   00041    0.4287 -680167.1870  0.7586 
   00042    0.4291 -681310.4272  0.7583 
   00043    0.4293 -682278.8166  0.7585 
   00044    0.4290 -683190.3568  0.7583 
   00045    0.4274 -683929.7641  0.7582 
   00046    0.4268 -684706.4958  0.7589 
   00047    0.4269 -685404.3865  0.7590 
   00048    0.4264 -686130.0483  0.7592 
   00049    0.4265 -686734.9501  0.7599 
   00050    0.4242 -687751.5267  0.7608 
