#=====================================================
# File created:        Mon-28-Oct-2024-at-01-19-11AM
# Size of lattice:     210x210
# Number of MC steps:  50
# Reduced temperature: 0.500
# Run time (s):        43.034296
#=====================================================
# MC step:  Ratio:     Energy:   Order:
#================t====================================
   00000    0.5000  -43980.6296  0.7510 
   00001    0.6782  -65046.5044  0.7527 
   00002    0.6217  -79308.0716  0.7557 
   00003    0.5837  -89073.6522  0.7542 
   00004    0.5632  -96600.1173  0.7569 
   00005    0.5399 -102928.9721  0.7587 
   00006    0.5231 -107966.1104  0.7597 
   00007    0.5105 -112199.5521  0.7608 
   00008    0.4969 -115361.0687  0.7614 
   00009    0.4888 -118382.8192  0.7639 
   00010    0.4837 -120559.1115  0.7666 
   00011    0.4779 -122752.5281  0.7688 
   00012    0.4714 -124880.9802  0.7706 
   00013    0.4644 -126498.0038  0.7709 
   00014    0.4653 -127853.8762  0.7716 
   00015    0.4636 -129116.8096  0.7699 
   00016    0.4562 -130469.6653  0.7714 
   00017    0.4523 -131341.0807  0.7721 
   00018    0.4540 -132298.3789  0.7726 
   00019    0.4498 -133401.7117  0.7729 
   00020    0.4448 -134102.5177  0.7727 
   00021    0.4429 -134866.8850  0.7748 
   00022    0.4427 -135395.3010  0.7768 
   00023    0.4436 -135982.3555  0.7769 
   00024    0.4407 -136582.4139  0.7781 
   00025    0.4479 -137006.1961  0.7769 
   00026    0.4411 -137341.6558  0.7783 
   00027    0.4402 -137676.7766  0.7785 
   00028    0.4397 -138257.4062  0.7792 
   00029    0.4364 -138727.4120  0.7787 
   00030    0.4404 -139142.4023  0.7789 
   00031    0.4376 -139470.7894  0.7777 
   00032    0.4368 -139734.3472  0.7768 
   00033    0.4346 -139989.7883  0.7765 
   00034    0.4342 -140096.0556  0.7783 
   00035    0.4370 -140171.2989  0.7790 
   00036    0.4299 -140500.3597  0.7790 
   00037    0.4308 -140678.2473  0.7806 
   00038    0.4300 -140952.5936  0.7818 
   00039    0.4284 -141131.9642  0.7813 
   00040    0.4283 -141526.3324  0.7808 
   00041    0.4314 -141859.3907  0.7808 
   00042    0.4282 -141917.4537  0.7822 
   00043    0.4276 -141898.5257  0.7820 
   00044    0.4289 -142025.1078  0.7817 
   00045    0.4282 -142222.0410  0.7826 
   00046    0.4286 -142253.5070  0.7822 
   00047    0.4273 -142642.0056  0.7831 
   00048    0.4274 -142827.4906  0.7845 
   00049    0.4303 -142758.2606  0.7854 
   00050    0.4268 -142864.6065  0.7853 
