#=====================================================
# File created:        Tue-22-Oct-2024-at-02-57-41PM
# Size of lattice:     1000x1000
# Number of MC steps:  50
# Reduced temperature: 0.500
# Run time (s):        270.277325
#=====================================================
# MC step:  Ratio:     Energy:   Order:
#================t====================================
   00000    0.5000 -1001090.1123  0.2513 
   00001    0.6796 -1485991.8129  0.2519 
   00002    0.6233 -1804134.7664  0.2521 
   00003    0.5848 -2031038.4453  0.2524 
   00004    0.5574 -2203506.1830  0.2529 
   00005    0.5362 -2340613.7811  0.2531 
   00006    0.5213 -2451287.2495  0.2534 
   00007    0.5081 -2544454.8665  0.2532 
   00008    0.4982 -2622611.0977  0.2534 
   00009    0.4890 -2689689.6871  0.2535 
   00010    0.4824 -2745415.7629  0.2538 
   00011    0.4766 -2794975.7768  0.2540 
   00012    0.4714 -2837553.5723  0.2539 
   00013    0.4665 -2875221.5827  0.2543 
   00014    0.4627 -2907779.9564  0.2547 
   00015    0.4602 -2936593.7328  0.2551 
   00016    0.4561 -2962206.0658  0.2549 
   00017    0.4535 -2986373.8902  0.2549 
   00018    0.4518 -3007353.9362  0.2549 
   00019    0.4493 -3025846.0920  0.2551 
   00020    0.4471 -3043047.3716  0.2550 
   00021    0.4456 -3058757.1272  0.2550 
   00022    0.4440 -3072875.6992  0.2553 
   00023    0.4424 -3086330.4040  0.2556 
   00024    0.4419 -3098122.5867  0.2557 
   00025    0.4405 -3109349.3560  0.2556 
   00026    0.4394 -3119652.9591  0.2561 
   00027    0.4389 -3129580.0097  0.2561 
   00028    0.4367 -3138496.6113  0.2562 
   00029    0.4360 -3147192.9213  0.2564 
   00030    0.4358 -3155063.9437  0.2561 
   00031    0.4342 -3163015.7390  0.2565 
   00032    0.4342 -3169228.3495  0.2569 
   00033    0.4329 -3174976.5779  0.2569 
   00034    0.4326 -3180380.1862  0.2572 
   00035    0.4324 -3186563.3570  0.2571 
   00036    0.4316 -3192000.6284  0.2568 
   00037    0.4312 -3197122.9039  0.2567 
   00038    0.4302 -3203404.9000  0.2564 
   00039    0.4295 -3207750.1176  0.2567 
   00040    0.4293 -3212451.5561  0.2567 
   00041    0.4286 -3216457.6280  0.2565 
   00042    0.4285 -3221002.1985  0.2565 
   00043    0.4288 -3225013.6295  0.2565 
   00044    0.4286 -3227916.5217  0.2566 
   00045    0.4280 -3232072.4059  0.2567 
   00046    0.4276 -3234807.6412  0.2567 
   00047    0.4257 -3238142.5801  0.2566 
   00048    0.4265 -3240717.1792  0.2565 
   00049    0.4260 -3243032.2717  0.2565 
   00050    0.4250 -3247519.3880  0.2566 
