#=====================================================
# File created:        Fri-18-Oct-2024-at-02-44-10PM
# Size of lattice:     460x460
# Number of MC steps:  50
# Reduced temperature: 0.500
# Run time (s):        417.601620
#=====================================================
# MC step:  Ratio:     Energy:   Order:
#=====================================================
   00000    0.5000 -212101.3085  0.2513 
   00001    0.6803 -314723.8921  0.2520 
   00002    0.6237 -382221.6744  0.2516 
   00003    0.5838 -430654.7879  0.2511 
   00004    0.5568 -466716.5668  0.2516 
   00005    0.5378 -495555.2182  0.2521 
   00006    0.5225 -519912.5004  0.2519 
   00007    0.5080 -539322.0480  0.2520 
   00008    0.4987 -555766.3066  0.2529 
   00009    0.4905 -569624.2002  0.2531 
   00010    0.4837 -581340.1104  0.2531 
   00011    0.4764 -592006.7713  0.2526 
   00012    0.4704 -600719.0797  0.2529 
   00013    0.4671 -608893.3250  0.2543 
   00014    0.4632 -615993.6011  0.2541 
   00015    0.4583 -622230.6946  0.2540 
   00016    0.4565 -627985.1119  0.2544 
   00017    0.4534 -632560.0853  0.2553 
   00018    0.4506 -637181.2437  0.2554 
   00019    0.4475 -641515.4243  0.2556 
   00020    0.4454 -645178.1153  0.2556 
   00021    0.4451 -648489.9744  0.2548 
   00022    0.4435 -651637.7953  0.2555 
   00023    0.4403 -654487.4414  0.2552 
   00024    0.4410 -656825.8602  0.2546 
   00025    0.4393 -659378.9704  0.2544 
   00026    0.4389 -661571.9975  0.2545 
   00027    0.4369 -663348.9625  0.2549 
   00028    0.4372 -664982.7215  0.2542 
   00029    0.4366 -666894.4655  0.2534 
   00030    0.4366 -668575.1437  0.2539 
   00031    0.4337 -670258.5558  0.2537 
   00032    0.4328 -671348.5009  0.2535 
   00033    0.4338 -672481.7528  0.2538 
   00034    0.4326 -673947.9989  0.2540 
   00035    0.4319 -674893.3631  0.2547 
   00036    0.4313 -675976.7371  0.2549 
   00037    0.4286 -677098.3450  0.2555 
   00038    0.4311 -677805.3520  0.2558 
   00039    0.4309 -679119.0559  0.2556 
   00040    0.4300 -680274.3415  0.2556 
   00041    0.4301 -680834.1253  0.2557 
   00042    0.4280 -681633.3153  0.2562 
   00043    0.4288 -681693.6316  0.2567 
   00044    0.4286 -682465.6935  0.2563 
   00045    0.4280 -683703.5833  0.2562 
   00046    0.4258 -684701.4324  0.2554 
   00047    0.4273 -685330.4106  0.2554 
   00048    0.4261 -686324.5332  0.2554 
   00049    0.4270 -686381.0836  0.2559 
   00050    0.4276 -687030.7007  0.2563 
